0 47
0 55
1 69
1 236
2 50
3 55
3 14
4 54
4 274
5 317
6 317
7 59
7 70
8 31
9 31
9 45
9 287
10 85
11 149
12 41
12 285
13 57
13 177
14 317
15 69
15 301
16 50
16 198
17 44
17 231
18 219
19 90
19 188
19 281
20 184
21 151
21 277
21 296
22 59
23 59
23 60
23 217
24 134
25 89
26 45
26 255
27 66
27 130
27 284
28 294
29 70
30 147
30 203
31 53
31 94
32 80
32 99
32 162
32 248
33 38
33 160
34 56
34 249
35 75
35 128
35 241
35 264
36 284
36 136
37 298
38 170
39 60
39 128
40 307
41 50
42 285
42 79
43 88
43 305
46 303
47 179
47 244
47 309
48 82
48 300
49 53
50 62
51 121
52 162
58 240
60 265
61 68
61 246
63 75
63 109
64 99
64 87
65 70
66 285
66 91
67 143
68 144
69 84
70 281
71 312
72 220
73 104
73 115
74 317
74 98
75 137
75 199
76 87
76 211
77 119
78 83
78 273
79 110
79 132
79 185
79 213
81 273
83 113
83 166
83 207
84 85
85 259
85 315
86 128
86 266
87 134
88 136
89 135
89 159
89 221
90 316
92 306
92 321
93 109
93 127
95 116
95 297
96 127
96 103
96 261
96 270
97 117
97 133
98 219
99 126
100 119
101 241
102 134
102 138
105 277
105 306
105 212
105 214
106 298
106 207
106 152
107 300
108 116
109 112
111 121
111 148
111 182
112 126
112 224
114 206
115 290
117 303
118 132
119 220
119 245
120 122
121 235
122 192
123 126
123 224
124 206
125 292
128 133
128 278
129 282
131 281
133 297
133 227
135 216
136 271
138 228
138 251
139 146
139 165
139 174
140 154
141 196
142 155
142 200
143 154
143 161
143 169
144 153
144 271
145 159
146 187
147 167
147 256
149 152
149 186
149 214
150 198
150 180
151 188
151 171
154 177
154 173
156 168
156 178
156 194
157 231
158 220
159 268
160 173
161 250
162 189
162 272
163 194
163 258
164 168
165 175
166 289
166 304
168 212
170 183
172 264
172 190
174 290
174 187
174 295
176 284
177 191
177 295
177 303
179 212
181 214
182 193
182 216
184 186
184 196
186 311
187 191
188 308
192 221
193 200
193 322
195 196
196 295
197 316
201 255
201 206
201 232
202 214
203 249
204 217
204 253
204 254
205 207
207 216
208 217
208 210
209 258
211 249
211 237
212 222
213 293
214 303
214 216
215 268
218 242
219 233
219 267
220 232
220 239
221 260
221 263
222 321
222 238
223 292
224 251
225 256
225 229
226 313
228 243
228 256
230 309
231 236
232 297
233 240
234 247
238 252
240 247
241 272
242 255
242 278
242 280
244 299
246 257
250 252
252 261
252 272
254 256
262 273
263 288
264 294
267 296
269 271
272 282
272 289
274 295
274 318
275 319
275 320
276 309
277 320
279 292
281 289
281 303
283 315
283 310
283 314
284 312
285 286
287 289
288 298
291 292
291 318
291 319
292 305
292 309
293 322
296 307
297 314
300 304
302 307
303 313
311 318
