0 9
0 127
0 154
0 262
0 296
1 150
1 256
2 247
3 16
3 235
4 178
4 305
5 43
6 29
6 245
6 310
7 311
8 211
8 241
9 58
10 247
10 30
10 35
10 312
11 86
11 214
12 46
12 63
12 183
13 45
13 51
14 98
14 176
14 306
15 219
16 56
17 230
17 271
18 202
19 57
20 281
21 311
21 107
22 40
23 107
23 82
23 283
24 152
25 36
25 119
25 284
26 321
26 322
27 321
27 196
28 178
28 75
28 201
28 226
28 264
28 324
29 53
29 99
30 72
30 219
31 224
31 327
32 328
33 152
34 331
35 60
35 103
35 251
37 120
37 302
38 290
39 56
40 268
40 319
41 334
41 335
42 150
43 100
43 210
44 168
45 263
45 277
46 113
46 140
46 252
47 72
48 176
48 56
49 52
49 286
50 210
51 166
53 103
54 339
55 207
55 254
57 151
57 198
58 297
59 305
61 111
62 153
62 341
62 313
63 90
63 99
63 203
63 314
64 253
65 203
65 240
66 207
67 103
67 106
67 243
67 343
68 187
69 141
70 162
70 344
71 283
71 321
71 76
71 346
71 347
73 154
73 225
74 123
76 348
77 309
78 132
78 315
79 134
80 89
81 158
82 95
82 185
83 315
83 216
84 89
84 118
84 337
85 107
85 114
86 97
86 313
87 92
88 353
89 352
90 133
90 142
90 199
90 342
91 124
91 138
92 299
93 107
93 156
94 221
96 98
96 326
97 143
98 265
98 315
100 133
100 142
100 294
101 241
101 106
101 279
102 140
104 130
104 332
105 128
105 360
107 318
107 301
108 185
109 126
109 261
110 159
111 326
112 286
115 123
115 350
115 361
115 362
116 239
117 169
117 244
117 355
119 229
121 342
121 292
121 364
122 125
123 152
123 174
123 200
123 239
124 151
124 136
124 355
125 166
126 148
128 353
128 186
129 151
130 358
130 359
131 271
132 134
135 205
136 194
137 310
138 356
139 158
140 164
140 217
140 229
141 199
144 284
144 227
145 194
146 188
146 289
146 295
147 328
147 317
149 162
149 249
150 204
150 221
151 178
151 167
152 155
152 194
152 304
154 180
155 185
155 293
156 158
156 181
157 175
157 325
159 179
160 312
161 187
162 280
163 211
163 370
163 338
165 205
168 229
168 267
169 363
170 302
170 221
171 215
172 223
172 369
172 303
173 181
174 224
174 249
174 323
175 219
175 343
176 202
176 209
176 316
177 187
177 365
177 371
178 244
178 281
179 309
180 192
181 184
181 191
181 193
182 199
183 195
183 206
183 260
184 333
185 282
186 224
188 310
188 311
188 220
188 257
189 229
189 338
190 245
193 205
195 215
197 346
200 307
202 317
206 359
206 368
207 219
207 258
208 211
209 260
210 218
212 340
213 321
213 304
215 326
215 323
217 308
220 349
221 325
222 364
225 285
226 325
227 246
228 285
228 300
229 335
231 265
232 256
233 243
233 343
233 375
234 263
234 248
234 287
236 241
237 254
237 272
238 299
238 364
239 331
240 271
240 277
240 289
242 343
245 265
248 259
249 266
249 291
250 270
252 336
253 290
255 260
256 276
257 367
258 326
261 335
261 348
262 273
263 275
265 357
266 376
269 362
270 366
271 298
274 337
275 377
278 288
283 285
284 320
286 337
286 338
288 341
288 375
290 324
291 337
293 296
295 364
295 369
299 340
300 326
301 321
302 332
305 309
307 357
307 374
309 351
319 333
320 379
321 323
324 326
328 329
328 330
333 373
339 340
342 354
344 345
346 349
348 350
354 380
356 369
358 366
358 367
358 368
364 365
371 372
376 378
