0 8
0 14
0 16
0 19
0 21
0 22
0 24
0 31
0 33
0 34
0 39
0 40
0 41
0 43
0 48
0 52
0 54
0 56
0 57
0 60
0 66
0 70
0 72
0 75
0 77
0 79
0 81
0 82
0 84
0 85
0 87
0 88
0 91
0 95
0 96
0 99
1 8
1 21
1 24
1 31
1 33
1 39
1 40
1 52
1 60
1 66
1 79
1 81
1 82
1 91
1 95
1 96
1 5
1 6
1 10
1 13
1 15
1 26
1 42
1 47
1 50
1 51
1 61
1 62
1 63
1 71
1 74
1 76
1 78
1 86
1 97
2 21
2 22
2 34
2 52
2 66
2 70
2 72
2 75
2 77
2 84
2 85
2 87
2 95
2 96
2 99
2 6
2 10
2 26
2 50
2 51
2 63
2 71
2 74
2 76
2 4
2 7
2 20
2 27
2 28
2 36
2 38
2 53
2 59
2 65
2 90
2 92
3 8
3 14
3 16
3 19
3 21
3 31
3 41
3 43
3 60
3 66
3 70
3 79
3 81
3 82
3 87
3 88
3 96
3 99
3 6
3 13
3 47
3 51
3 74
3 76
3 86
3 28
3 53
3 92
3 11
3 12
3 17
3 18
3 25
3 29
3 30
3 44
3 46
3 69
3 83
3 89
3 93
4 16
4 19
4 31
4 40
4 41
4 43
4 48
4 77
4 84
4 91
4 96
4 99
4 5
4 10
4 13
4 15
4 26
4 62
4 63
4 71
4 76
4 86
4 97
4 7
4 9
4 11
4 18
4 25
4 27
4 29
4 32
4 36
4 46
4 58
4 64
4 67
4 73
4 83
4 93
4 426
5 31
5 34
5 52
5 57
5 66
5 72
5 75
5 77
5 7
5 12
5 17
5 25
5 28
5 29
5 35
5 36
5 37
5 45
5 46
5 47
5 51
5 55
5 58
5 61
5 67
5 68
5 74
5 80
5 83
5 86
5 93
5 94
6 21
6 22
6 33
6 40
6 41
6 43
6 48
6 57
6 75
6 77
6 79
6 82
6 84
6 91
6 96
6 10
6 12
6 13
6 15
6 18
6 20
6 25
6 27
6 30
6 35
6 37
6 38
6 42
6 49
6 50
6 51
6 55
6 63
6 64
6 65
6 67
6 92
7 19
7 22
7 31
7 34
7 39
7 54
7 77
7 91
7 96
7 13
7 15
7 47
7 51
7 62
7 63
7 71
7 78
7 9
7 12
7 20
7 23
7 32
7 37
7 49
7 58
7 64
7 68
7 83
7 89
7 92
7 94
7 98
8 13
8 14
8 16
8 17
8 18
8 24
8 25
8 28
8 35
8 36
8 38
8 39
8 40
8 45
8 48
8 52
8 53
8 56
8 57
8 61
8 63
8 64
8 66
8 70
8 71
8 73
8 75
8 79
8 81
8 87
8 91
8 92
8 93
8 97
8 98
8 297
8 299
9 14
9 31
9 41
9 48
9 56
9 79
9 85
9 91
9 95
9 10
9 26
9 42
9 50
9 51
9 61
9 71
9 74
9 76
9 86
9 28
9 36
9 53
9 59
9 90
9 12
9 17
9 30
9 69
9 93
9 32
9 58
9 94
9 98
9 134
9 260
10 16
10 21
10 24
10 33
10 41
10 52
10 54
10 57
10 60
10 66
10 70
10 77
10 84
10 88
10 91
10 95
10 11
10 15
10 18
10 27
10 28
10 29
10 32
10 38
10 42
10 45
10 46
10 47
10 49
10 53
10 58
10 62
10 64
10 67
10 68
10 71
10 73
10 74
10 76
10 78
10 86
10 89
10 90
10 92
10 93
10 94
10 97
10 307
11 16
11 19
11 33
11 41
11 52
11 54
11 60
11 66
11 70
11 75
11 81
11 85
11 87
11 91
11 96
11 61
11 62
11 71
11 74
11 86
11 27
11 38
11 53
11 25
11 46
11 73
11 94
11 324
12 14
12 22
12 24
12 39
12 41
12 56
12 60
12 70
12 72
12 81
12 82
12 85
12 96
12 26
12 62
12 76
12 27
12 28
12 36
12 38
12 53
12 92
12 17
12 30
12 35
12 37
12 44
12 45
12 46
12 49
12 67
12 73
12 80
12 89
12 98
12 382
13 16
13 31
13 41
13 72
13 77
13 81
13 85
13 91
13 95
13 25
13 26
13 27
13 28
13 29
13 32
13 36
13 42
13 46
13 47
13 49
13 50
13 63
13 67
13 69
13 71
13 76
13 80
13 83
13 86
13 472
14 17
14 20
14 22
14 23
14 25
14 26
14 31
14 33
14 37
14 38
14 40
14 41
14 45
14 48
14 49
14 56
14 61
14 62
14 63
14 68
14 77
14 78
14 79
14 81
14 83
14 91
14 92
14 93
14 94
14 97
14 98
14 99
15 16
15 22
15 24
15 31
15 33
15 34
15 39
15 52
15 60
15 70
15 72
15 77
15 87
15 91
15 99
15 17
15 18
15 26
15 30
15 36
15 38
15 42
15 45
15 51
15 58
15 61
15 62
15 64
15 65
15 67
15 68
15 69
15 83
15 86
15 94
16 23
16 24
16 26
16 27
16 34
16 35
16 38
16 40
16 50
16 55
16 56
16 59
16 61
16 65
16 67
16 68
16 70
16 76
16 78
16 79
16 87
16 88
16 89
16 93
16 94
16 96
16 98
16 143
17 19
17 31
17 39
17 43
17 48
17 54
17 70
17 75
17 77
17 84
17 88
17 95
17 42
17 47
17 50
17 51
17 61
17 62
17 74
17 78
17 20
17 36
17 59
17 65
17 90
17 18
17 25
17 29
17 44
17 45
17 46
17 49
17 64
17 67
17 68
17 73
17 80
17 83
17 93
17 94
17 98
17 148
18 39
18 41
18 43
18 52
18 56
18 70
18 72
18 79
18 81
18 88
18 95
18 99
18 42
18 86
18 97
18 65
18 90
18 32
18 37
18 58
18 67
18 83
18 89
18 93
18 98
18 214
19 21
19 22
19 23
19 27
19 30
19 31
19 32
19 36
19 41
19 43
19 46
19 48
19 50
19 53
19 56
19 58
19 61
19 62
19 65
19 66
19 67
19 68
19 70
19 72
19 73
19 74
19 75
19 77
19 78
19 79
19 82
19 83
19 88
19 89
19 92
19 95
19 96
19 98
19 99
20 33
20 40
20 41
20 48
20 56
20 57
20 81
20 82
20 85
20 88
20 91
20 96
20 99
20 47
20 50
20 51
20 62
20 63
20 74
20 25
20 29
20 32
20 37
20 45
20 46
20 53
20 58
20 64
20 73
20 80
20 90
20 93
20 343
21 26
21 29
21 30
21 32
21 33
21 34
21 35
21 38
21 41
21 42
21 44
21 45
21 51
21 53
21 58
21 60
21 62
21 63
21 64
21 67
21 70
21 75
21 82
21 83
21 87
21 91
21 93
21 94
21 95
21 97
21 98
22 25
22 28
22 30
22 33
22 36
22 38
22 39
22 40
22 43
22 47
22 48
22 49
22 51
22 52
22 53
22 54
22 58
22 59
22 65
22 70
22 71
22 72
22 73
22 75
22 77
22 81
22 82
22 84
22 85
22 87
22 93
22 94
22 95
22 99
22 164
22 386
22 493
23 24
23 31
23 41
23 52
23 56
23 66
23 72
23 81
23 82
23 51
23 76
23 78
23 97
23 27
23 36
23 53
23 90
23 46
23 69
23 64
23 67
23 73
23 35
23 37
23 55
23 80
23 98
23 388
24 26
24 27
24 28
24 34
24 35
24 36
24 37
24 41
24 44
24 45
24 46
24 47
24 49
24 53
24 54
24 55
24 57
24 61
24 62
24 66
24 71
24 72
24 74
24 75
24 78
24 84
24 88
25 33
25 34
25 39
25 40
25 41
25 43
25 48
25 52
25 56
25 57
25 66
25 72
25 77
25 79
25 26
25 50
25 51
25 61
25 62
25 27
25 36
25 32
25 45
25 55
25 64
25 73
25 89
25 93
25 94
25 288
26 33
26 40
26 41
26 48
26 52
26 54
26 56
26 72
26 82
26 96
26 28
26 35
26 36
26 47
26 51
26 58
26 63
26 64
26 65
26 71
26 74
26 78
26 83
26 86
26 89
26 90
26 92
26 93
26 97
26 251
26 295
26 309
26 360
27 33
27 34
27 39
27 54
27 57
27 60
27 70
27 79
27 85
27 87
27 95
27 96
27 78
27 30
27 46
27 58
27 64
27 65
27 73
27 90
27 93
28 31
28 33
28 39
28 41
28 48
28 52
28 54
28 56
28 60
28 70
28 72
28 75
28 85
28 87
28 50
28 51
28 61
28 62
28 71
28 74
28 86
28 29
28 44
28 53
28 59
28 64
28 68
28 90
28 92
28 94
28 98
28 347
29 34
29 40
29 52
29 56
29 60
29 66
29 70
29 77
29 79
29 81
29 82
29 95
29 96
29 99
29 47
29 50
29 61
29 62
29 76
29 78
29 86
29 36
29 90
29 92
29 32
29 35
29 44
29 55
29 67
29 68
29 69
29 73
29 89
29 169
29 333
29 422
30 31
30 34
30 52
30 56
30 72
30 77
30 79
30 88
30 91
30 95
30 50
30 51
30 71
30 86
30 38
30 59
30 32
30 35
30 44
30 46
30 49
30 58
30 68
30 73
30 80
30 93
30 94
31 32
31 33
31 38
31 39
31 45
31 46
31 50
31 51
31 52
31 53
31 54
31 55
31 58
31 60
31 62
31 68
31 69
31 71
31 75
31 77
31 91
31 92
31 97
31 98
32 34
32 39
32 41
32 48
32 60
32 70
32 79
32 81
32 84
32 85
32 87
32 95
32 96
32 99
32 47
32 76
32 97
32 65
32 90
32 37
32 64
32 73
32 80
32 354
33 35
33 37
33 38
33 42
33 43
33 45
33 46
33 47
33 48
33 51
33 52
33 53
33 54
33 55
33 57
33 58
33 60
33 64
33 70
33 71
33 72
33 73
33 74
33 77
33 81
33 83
33 85
33 86
33 87
33 88
33 89
33 90
33 95
33 96
33 98
33 99
34 36
34 39
34 50
34 51
34 52
34 53
34 54
34 57
34 60
34 67
34 73
34 75
34 77
34 78
34 79
34 80
34 81
34 82
34 84
34 86
34 88
34 89
34 91
34 92
34 94
34 230
34 234
35 41
35 43
35 56
35 66
35 75
35 77
35 82
35 87
35 91
35 96
35 42
35 61
35 63
35 71
35 76
35 78
35 36
35 53
35 65
35 92
35 46
35 93
35 64
35 49
35 55
35 68
35 231
36 39
36 52
36 54
36 56
36 60
36 66
36 77
36 82
36 84
36 85
36 87
36 91
36 95
36 96
36 42
36 50
36 61
36 63
36 71
36 78
36 86
36 97
36 37
36 46
36 55
36 58
36 59
36 69
36 73
36 89
36 90
36 94
36 261
37 41
37 52
37 54
37 66
37 70
37 72
37 84
37 85
37 87
37 95
37 99
37 42
37 47
37 51
37 62
37 63
37 74
37 76
37 53
37 65
37 90
37 69
37 89
37 49
37 55
37 68
37 80
37 94
37 98
37 100
37 144
37 306
37 459
38 39
38 48
38 66
38 75
38 81
38 85
38 87
38 91
38 95
38 42
38 51
38 61
38 63
38 71
38 74
38 76
38 78
38 86
38 45
38 46
38 49
38 55
38 59
38 69
38 80
38 83
38 92
38 93
38 98
39 40
39 42
39 46
39 47
39 53
39 59
39 61
39 62
39 63
39 64
39 66
39 69
39 77
39 84
39 85
39 87
39 89
39 90
39 95
39 108
39 115
39 449
40 43
40 44
40 47
40 50
40 51
40 54
40 57
40 59
40 62
40 65
40 66
40 67
40 72
40 81
40 82
40 83
40 85
40 86
40 88
40 91
40 94
40 98
41 43
41 45
41 49
41 51
41 52
41 55
41 58
41 59
41 60
41 61
41 70
41 72
41 74
41 75
41 81
41 83
41 84
41 89
41 91
41 93
41 94
41 96
41 97
41 98
42 48
42 52
42 54
42 72
42 79
42 81
42 82
42 84
42 44
42 46
42 49
42 50
42 51
42 53
42 59
42 62
42 64
42 67
42 69
42 74
42 83
42 89
42 90
42 92
42 94
42 98
42 109
42 159
43 44
43 46
43 48
43 49
43 50
43 53
43 54
43 57
43 58
43 61
43 62
43 63
43 65
43 66
43 69
43 71
43 75
43 77
43 78
43 82
43 87
43 89
43 92
43 94
43 96
43 98
44 48
44 57
44 60
44 66
44 72
44 75
44 77
44 81
44 82
44 96
44 50
44 51
44 61
44 63
44 76
44 78
44 53
44 90
44 92
44 45
44 58
44 67
44 68
44 73
44 80
44 89
45 52
45 54
45 57
45 60
45 66
45 70
45 72
45 79
45 82
45 85
45 96
45 99
45 47
45 61
45 62
45 71
45 78
45 86
45 53
45 65
45 46
45 58
45 67
45 80
45 94
45 193
46 48
46 56
46 70
46 72
46 75
46 81
46 82
46 84
46 85
46 88
46 91
46 96
46 62
46 78
46 97
46 53
46 90
46 92
46 49
46 58
46 64
46 67
46 69
46 73
46 80
46 83
46 89
46 93
47 57
47 70
47 72
47 85
47 87
47 88
47 91
47 99
47 49
47 53
47 62
47 63
47 64
47 69
47 80
47 89
47 97
47 98
47 381
48 50
48 54
48 56
48 57
48 60
48 62
48 63
48 64
48 65
48 72
48 73
48 76
48 77
48 83
48 88
48 91
48 93
48 95
48 97
48 98
48 452
49 52
49 72
49 75
49 77
49 81
49 82
49 85
49 87
49 88
49 91
49 74
49 86
49 53
49 59
49 92
49 83
49 64
49 67
49 73
49 94
49 189
49 274
50 52
50 54
50 56
50 57
50 66
50 70
50 75
50 85
50 96
50 51
50 55
50 61
50 63
50 69
50 73
50 80
50 83
50 89
50 92
50 93
51 54
51 77
51 79
51 81
51 82
51 84
51 87
51 88
51 95
51 96
51 99
51 64
51 67
51 68
51 69
51 73
51 89
51 97
51 318
51 333
51 355
51 435
52 54
52 55
52 57
52 58
52 61
52 63
52 66
52 67
52 68
52 70
52 79
52 80
52 83
52 84
52 86
52 90
52 91
52 94
52 97
52 98
52 208
52 291
53 54
53 70
53 72
53 81
53 61
53 63
53 71
53 74
53 86
53 55
53 59
53 64
53 67
53 68
53 69
53 73
53 92
53 93
54 57
54 61
54 64
54 67
54 68
54 70
54 71
54 74
54 81
54 86
54 88
54 90
54 92
54 93
54 94
55 57
55 60
55 72
55 75
55 77
55 87
55 88
55 95
55 63
55 71
55 76
55 86
55 92
55 69
55 64
55 73
55 94
55 98
55 113
56 61
56 62
56 63
56 67
56 72
56 73
56 74
56 75
56 77
56 80
56 84
56 91
56 92
56 95
56 98
56 474
57 58
57 59
57 61
57 65
57 67
57 68
57 69
57 72
57 73
57 77
57 78
57 79
57 82
57 86
57 88
57 91
57 95
57 96
57 98
57 441
58 60
58 66
58 72
58 84
58 95
58 96
58 63
58 76
58 65
58 90
58 89
58 73
58 351
59 70
59 72
59 84
59 91
59 96
59 99
59 78
59 86
59 65
59 73
59 93
59 98
59 379
60 61
60 62
60 66
60 69
60 77
60 78
60 80
60 81
60 82
60 83
60 84
60 87
60 88
60 89
60 90
60 91
60 96
60 97
60 230
60 269
61 66
61 75
61 79
61 91
61 95
61 96
61 99
61 63
61 68
61 69
61 74
61 76
61 86
61 89
61 90
61 97
61 149
62 77
62 79
62 84
62 87
62 65
62 68
62 71
62 76
62 89
62 92
62 98
63 72
63 75
63 85
63 87
63 95
63 96
63 64
63 68
63 69
63 71
63 83
63 90
64 66
64 70
64 79
64 82
64 85
64 87
64 88
64 99
64 97
64 90
64 83
64 89
64 93
64 80
64 121
65 79
65 84
65 95
65 96
65 99
65 71
65 74
65 86
65 97
65 67
65 80
65 89
65 92
65 226
66 70
66 72
66 81
66 85
66 86
66 88
66 90
66 91
66 93
66 94
66 95
66 96
66 98
66 449
66 469
67 70
67 72
67 79
67 81
67 84
67 87
67 91
67 95
67 99
67 74
67 78
67 89
67 93
67 80
67 94
67 272
68 75
68 79
68 81
68 84
68 85
68 88
68 91
68 95
68 96
68 74
68 69
68 73
68 94
68 250
68 434
69 70
69 79
69 81
69 85
69 87
69 71
69 74
69 78
69 92
69 73
69 89
69 142
70 71
70 73
70 76
70 80
70 81
70 82
70 83
70 85
70 88
70 90
70 94
70 96
70 97
70 98
70 99
71 72
71 75
71 79
71 85
71 87
71 91
71 74
71 76
71 78
71 80
71 86
71 89
71 90
71 93
71 94
71 97
71 203
71 220
71 349
72 73
72 79
72 81
72 87
72 91
72 94
72 97
72 99
72 271
73 77
73 79
73 81
73 87
73 86
73 97
73 94
73 246
73 408
74 75
74 79
74 85
74 87
74 88
74 91
74 76
74 83
74 86
74 90
74 94
74 98
74 260
75 77
75 78
75 79
75 80
75 81
75 82
75 86
75 89
75 93
75 453
76 79
76 82
76 87
76 99
76 98
76 452
77 79
77 80
77 83
77 84
77 85
77 87
77 88
77 90
77 92
77 96
77 99
78 79
78 84
78 88
78 91
78 96
78 90
78 94
78 98
79 84
79 88
79 90
79 97
79 99
79 133
79 382
80 81
80 85
80 87
80 91
80 95
80 99
80 86
80 90
80 92
80 93
80 94
80 98
80 101
80 406
81 83
81 84
81 88
81 91
81 98
82 88
82 89
82 92
82 95
82 104
82 118
83 88
83 91
83 96
84 85
85 88
85 92
85 96
85 97
85 98
86 91
86 90
86 92
86 98
86 306
87 88
87 92
87 98
88 90
88 91
88 93
88 95
88 96
88 98
89 97
89 98
89 375
90 96
90 99
91 92
91 93
91 94
91 98
92 96
92 97
92 93
92 499
93 97
93 246
93 439
94 95
94 97
94 98
94 127
94 326
95 220
95 221
95 374
96 244
96 245
96 267
96 385
96 485
97 99
97 369
97 394
98 99
100 101
100 103
100 118
100 120
100 123
100 124
100 128
100 129
100 130
100 136
100 137
100 142
100 152
100 155
100 159
100 160
100 161
100 165
100 171
100 172
100 173
100 175
100 176
100 177
100 178
100 180
100 182
100 183
100 189
100 193
100 195
100 198
101 134
101 148
101 164
101 144
101 115
101 109
101 113
101 121
101 142
101 102
101 112
101 116
101 117
101 120
101 122
101 124
101 127
101 131
101 132
101 135
101 136
101 137
101 140
101 146
101 147
101 151
101 152
101 154
101 155
101 156
101 161
101 163
101 166
101 167
101 171
101 172
101 174
101 176
101 178
101 183
101 184
101 190
101 191
101 199
102 134
102 164
102 193
102 149
102 142
102 133
102 104
102 124
102 128
102 152
102 160
102 165
102 171
102 172
102 176
102 177
102 180
102 182
102 183
102 195
102 106
102 107
102 117
102 131
102 132
102 135
102 138
102 140
102 151
102 153
102 157
102 158
102 163
102 166
102 167
102 168
102 179
102 187
102 191
102 192
102 196
103 134
103 143
103 169
103 144
103 108
103 109
103 149
103 121
103 105
103 111
103 116
103 117
103 124
103 128
103 129
103 145
103 146
103 147
103 150
103 152
103 153
103 154
103 155
103 156
103 158
103 161
103 162
103 168
103 170
103 171
103 173
103 176
103 177
103 178
103 180
103 181
103 186
103 187
103 188
103 196
103 197
103 199
104 143
104 164
104 109
104 159
104 189
104 149
104 133
104 106
104 120
104 123
104 125
104 127
104 128
104 129
104 130
104 135
104 138
104 139
104 141
104 145
104 151
104 160
104 165
104 166
104 170
104 172
104 175
104 186
104 188
104 195
105 134
105 164
105 115
105 159
105 189
105 113
105 149
105 118
105 439
105 127
105 123
105 124
105 129
105 130
105 136
105 161
105 165
105 172
105 173
105 180
105 195
105 198
105 131
105 132
105 140
105 146
105 166
105 167
105 191
105 106
105 153
105 157
105 168
105 187
105 192
105 111
105 119
105 141
105 145
105 162
105 170
105 185
105 186
105 188
105 223
106 148
106 144
106 108
106 115
106 159
106 193
106 189
106 149
106 121
106 142
106 133
106 127
106 123
106 130
106 152
106 155
106 172
106 176
106 178
106 180
106 182
106 183
106 195
106 198
106 112
106 131
106 135
106 151
106 166
106 167
106 174
106 191
106 107
106 110
106 111
106 119
106 125
106 150
106 158
106 170
106 179
106 194
106 196
106 197
107 143
107 148
107 169
107 109
107 159
107 189
107 149
107 121
107 142
107 133
107 118
107 127
107 123
107 171
107 173
107 175
107 176
107 178
107 180
107 182
107 195
107 112
107 116
107 132
107 135
107 140
107 146
107 151
107 154
107 163
107 110
107 114
107 139
107 141
107 158
107 162
107 179
107 185
107 186
107 187
107 188
107 315
108 143
108 169
108 109
108 111
108 113
108 114
108 115
108 116
108 119
108 120
108 122
108 123
108 127
108 129
108 132
108 138
108 139
108 142
108 145
108 146
108 152
108 154
108 159
108 160
108 161
108 163
108 170
108 171
108 172
108 174
108 177
108 178
108 180
108 181
108 186
108 189
108 191
108 193
108 194
108 198
108 199
108 211
109 164
109 144
109 125
109 128
109 131
109 133
109 136
109 137
109 138
109 151
109 160
109 161
109 163
109 165
109 166
109 170
109 175
109 181
109 184
109 192
109 193
109 194
109 197
109 198
110 143
110 144
110 115
110 113
110 133
110 120
110 137
110 155
110 165
110 175
110 176
110 180
110 182
110 195
110 112
110 116
110 122
110 131
110 146
110 147
110 151
110 156
110 163
110 167
110 174
110 184
110 190
110 191
110 199
110 153
110 158
110 168
110 192
110 196
110 145
110 150
110 162
110 186
110 197
110 125
110 139
111 121
111 127
111 124
111 136
111 152
111 171
111 173
111 178
111 180
111 182
111 183
111 195
111 112
111 122
111 132
111 140
111 151
111 163
111 184
111 190
111 153
111 157
111 158
111 168
111 125
111 126
111 141
111 145
111 150
111 188
111 194
111 197
112 134
112 164
112 115
112 189
112 127
112 120
112 130
112 136
112 152
112 155
112 160
112 165
112 171
112 176
112 178
112 180
112 182
112 183
112 198
112 114
112 132
112 135
112 145
112 146
112 147
112 150
112 156
112 157
112 158
112 163
112 170
112 184
112 186
112 190
112 191
112 192
112 194
112 199
113 134
113 164
113 115
113 159
113 193
113 116
113 118
113 119
113 120
113 122
113 123
113 127
113 128
113 129
113 130
113 135
113 139
113 147
113 151
113 153
113 157
113 158
113 163
113 174
113 178
113 179
113 182
113 185
113 188
113 190
113 192
113 312
113 350
113 491
114 143
114 148
114 144
114 115
114 121
114 142
114 127
114 120
114 136
114 160
114 171
114 175
114 177
114 180
114 183
114 116
114 131
114 146
114 154
114 156
114 190
114 191
114 158
114 179
114 192
114 150
114 181
114 197
114 125
114 119
114 194
114 378
115 143
115 148
115 144
115 118
115 123
115 129
115 131
115 132
115 136
115 137
115 145
115 150
115 151
115 154
115 155
115 158
115 160
115 163
115 173
115 174
115 175
115 180
115 185
115 192
115 194
115 198
115 199
115 277
116 143
116 164
116 159
116 149
116 121
116 434
116 203
116 120
116 130
116 152
116 160
116 161
116 171
116 172
116 173
116 175
116 177
116 178
116 180
116 182
116 183
116 117
116 131
116 132
116 138
116 139
116 140
116 141
116 146
116 147
116 156
116 157
116 166
116 174
116 197
116 199
116 457
116 461
117 134
117 159
117 149
117 142
117 120
117 123
117 124
117 137
117 155
117 161
117 176
117 177
117 178
117 180
117 182
117 122
117 125
117 131
117 140
117 145
117 151
117 153
117 157
117 158
117 163
117 166
117 167
117 170
117 179
117 181
117 185
117 186
117 188
117 191
117 197
117 199
117 384
117 432
118 169
118 144
118 159
118 189
118 149
118 142
118 133
118 127
118 130
118 136
118 137
118 138
118 140
118 145
118 146
118 150
118 155
118 160
118 161
118 166
118 167
118 168
118 171
118 172
118 173
118 178
118 180
118 188
118 195
118 197
118 198
118 199
119 143
119 169
119 189
119 133
119 120
119 123
119 130
119 136
119 137
119 155
119 160
119 165
119 171
119 172
119 173
119 176
119 178
119 180
119 182
119 183
119 195
119 131
119 135
119 156
119 163
119 166
119 174
119 184
119 190
119 191
119 199
119 158
119 179
119 187
119 192
119 145
119 162
119 170
119 181
119 188
119 126
120 148
120 164
120 144
120 127
120 122
120 126
120 131
120 137
120 141
120 156
120 157
120 158
120 160
120 166
120 168
120 170
120 176
120 177
120 182
120 188
120 194
120 195
120 197
120 305
121 134
121 159
121 123
121 125
121 127
121 130
121 132
121 136
121 137
121 138
121 140
121 142
121 145
121 150
121 152
121 153
121 154
121 161
121 162
121 173
121 175
121 176
121 177
121 179
121 180
121 181
121 185
121 187
121 190
121 196
121 197
121 199
122 134
122 164
122 144
122 159
122 193
122 142
122 127
122 123
122 137
122 160
122 165
122 171
122 173
122 175
122 176
122 178
122 182
122 195
122 198
122 135
122 147
122 153
122 163
122 166
122 167
122 170
122 174
122 179
122 186
122 187
122 188
122 197
123 143
123 164
123 189
123 149
123 142
123 124
123 125
123 130
123 137
123 139
123 145
123 146
123 147
123 151
123 153
123 154
123 155
123 162
123 165
123 170
123 171
123 173
123 176
123 177
123 180
123 182
123 183
123 184
123 192
123 196
123 198
123 199
123 232
124 148
124 144
124 189
124 133
124 127
124 126
124 128
124 129
124 131
124 132
124 135
124 136
124 138
124 139
124 140
124 145
124 151
124 152
124 153
124 154
124 156
124 160
124 162
124 166
124 170
124 173
124 174
124 178
124 184
124 185
124 186
124 192
124 194
124 195
124 196
124 198
124 199
124 357
125 148
125 169
125 159
125 193
125 189
125 142
125 129
125 137
125 155
125 160
125 171
125 173
125 175
125 177
125 180
125 131
125 135
125 147
125 156
125 166
125 167
125 174
125 184
125 191
125 199
125 157
125 158
125 186
125 197
125 141
125 194
126 134
126 164
126 169
126 144
126 193
126 189
126 142
126 203
126 133
126 128
126 129
126 136
126 152
126 155
126 161
126 173
126 177
126 180
126 182
126 198
126 154
126 174
126 184
126 191
126 138
126 168
126 187
126 196
126 150
126 170
126 181
126 186
126 139
126 141
126 194
127 193
127 130
127 131
127 135
127 136
127 152
127 155
127 157
127 160
127 171
127 176
127 179
127 182
127 183
127 185
127 186
127 188
127 190
127 196
127 198
127 199
127 201
128 134
128 144
128 193
128 130
128 131
128 135
128 136
128 139
128 140
128 141
128 147
128 152
128 155
128 157
128 160
128 172
128 173
128 176
128 179
128 180
128 181
128 182
128 185
128 187
128 194
128 195
128 197
128 198
128 345
129 134
129 164
129 193
129 189
129 142
129 133
129 130
129 135
129 140
129 151
129 152
129 155
129 160
129 165
129 166
129 167
129 174
129 176
129 180
129 181
129 182
129 184
129 185
129 186
129 188
129 190
129 192
129 195
129 196
129 377
130 143
130 164
130 138
130 139
130 140
130 141
130 150
130 152
130 153
130 155
130 158
130 160
130 161
130 163
130 165
130 168
130 178
130 181
130 182
130 185
130 187
130 188
130 195
130 199
130 310
130 364
131 134
131 143
131 148
131 164
131 189
131 136
131 155
131 172
131 177
131 178
131 195
131 198
131 141
131 145
131 150
131 157
131 162
131 163
131 166
131 167
131 168
131 179
131 185
131 188
131 191
131 196
131 197
131 199
132 143
132 164
132 159
132 193
132 133
132 137
132 155
132 172
132 175
132 176
132 177
132 178
132 182
132 141
132 145
132 147
132 154
132 162
132 181
132 184
132 188
132 190
132 191
132 192
132 197
132 199
133 143
133 169
133 193
133 149
133 142
133 139
133 147
133 152
133 155
133 156
133 160
133 162
133 166
133 168
133 170
133 173
133 178
133 182
133 190
133 192
133 195
133 199
133 432
134 135
134 138
134 140
134 142
134 143
134 144
134 146
134 147
134 149
134 152
134 156
134 157
134 158
134 163
134 165
134 166
134 169
134 175
134 177
134 180
134 182
134 183
134 184
134 187
134 188
134 190
134 198
135 148
135 193
135 189
135 149
135 142
135 137
135 152
135 155
135 165
135 176
135 177
135 180
135 182
135 183
135 195
135 138
135 140
135 145
135 146
135 147
135 153
135 156
135 162
135 174
135 179
135 181
135 185
135 187
135 194
135 197
135 199
136 143
136 164
136 169
136 149
136 142
136 374
136 151
136 153
136 155
136 158
136 162
136 165
136 172
136 173
136 176
136 179
136 180
136 182
136 186
136 187
136 188
136 191
136 197
136 198
136 199
136 417
137 143
137 148
137 164
137 169
137 189
137 149
137 142
137 141
137 145
137 150
137 151
137 152
137 153
137 167
137 168
137 173
137 176
137 178
137 179
137 182
137 183
137 186
137 188
137 192
137 195
137 196
137 197
138 148
138 164
138 169
138 144
138 381
138 189
138 499
138 152
138 155
138 177
138 178
138 182
138 183
138 154
138 163
138 174
138 184
138 191
138 199
138 150
138 153
138 158
138 181
138 187
138 194
138 196
138 197
139 164
139 142
139 160
139 161
139 165
139 172
139 173
139 178
139 198
139 146
139 156
139 163
139 166
139 184
139 190
139 158
139 196
139 145
139 150
139 162
139 170
139 181
139 188
139 197
139 194
140 143
140 169
140 144
140 189
140 142
140 152
140 165
140 172
140 173
140 176
140 177
140 178
140 182
140 141
140 145
140 146
140 147
140 150
140 151
140 158
140 162
140 167
140 168
140 174
140 184
140 186
140 191
140 196
140 197
140 358
140 419
141 159
141 193
141 189
141 152
141 155
141 165
141 171
141 172
141 173
141 177
141 180
141 182
141 195
141 198
141 147
141 151
141 174
141 190
141 199
141 168
141 179
141 187
141 196
141 150
141 162
141 197
141 185
141 194
142 148
142 164
142 169
142 231
142 149
142 145
142 146
142 150
142 152
142 154
142 155
142 157
142 161
142 162
142 165
142 168
142 170
142 171
142 172
142 173
142 174
142 175
142 176
142 178
142 179
142 181
142 184
142 187
142 188
142 191
142 192
142 195
142 196
142 197
142 198
143 144
143 149
143 153
143 156
143 157
143 159
143 160
143 161
143 162
143 166
143 170
143 172
143 173
143 176
143 177
143 178
143 179
143 180
143 181
143 183
143 192
143 193
143 195
143 197
144 148
144 146
144 150
144 153
144 158
144 163
144 170
144 172
144 173
144 175
144 179
144 182
144 189
144 190
144 192
144 195
144 197
144 451
145 189
145 160
145 173
145 175
145 177
145 180
145 198
145 146
145 147
145 151
145 156
145 166
145 167
145 174
145 191
145 157
145 158
145 192
145 196
145 150
145 170
145 185
145 186
145 188
145 197
146 324
146 169
146 165
146 172
146 177
146 183
146 195
146 198
146 150
146 151
146 154
146 168
146 170
146 181
146 184
146 185
146 196
146 197
146 494
147 164
147 169
147 193
147 149
147 165
147 171
147 176
147 180
147 195
147 198
147 153
147 154
147 158
147 163
147 167
147 170
147 185
147 188
147 190
147 191
147 194
147 197
147 199
148 150
148 152
148 155
148 156
148 159
148 161
148 162
148 164
148 167
148 170
148 173
148 174
148 180
148 183
148 184
148 186
148 188
148 190
148 192
148 197
149 382
149 169
149 159
149 193
149 189
149 151
149 153
149 156
149 160
149 161
149 162
149 179
149 180
149 181
149 183
149 187
149 190
149 196
149 197
149 199
149 405
150 169
150 193
150 155
150 160
150 173
150 177
150 178
150 182
150 151
150 154
150 166
150 184
150 153
150 157
150 187
150 196
150 162
150 170
150 181
151 164
151 159
151 439
151 152
151 155
151 161
151 176
151 177
151 180
151 198
151 153
151 154
151 156
151 162
151 167
151 168
151 170
151 174
151 181
151 192
151 194
151 319
152 164
152 349
152 153
152 154
152 160
152 163
152 166
152 167
152 172
152 176
152 179
152 180
152 181
152 184
152 192
152 194
152 197
153 169
153 155
153 160
153 171
153 172
153 173
153 182
153 183
153 195
153 154
153 166
153 184
153 190
153 191
153 170
153 179
153 188
154 164
154 159
154 160
154 161
154 171
154 172
154 177
154 180
154 182
154 195
154 166
154 168
154 170
154 174
154 181
154 184
154 185
154 186
154 192
154 194
154 197
154 296
155 159
155 193
155 189
155 157
155 158
155 160
155 171
155 174
155 177
155 178
155 181
155 185
155 186
155 188
155 190
155 199
155 302
156 169
156 193
156 165
156 163
156 167
156 179
156 184
156 185
156 186
156 188
156 192
156 196
156 301
157 164
157 169
157 193
157 176
157 180
157 166
157 167
157 184
157 199
157 179
157 187
157 196
158 426
158 193
158 165
158 171
158 173
158 175
158 176
158 180
158 174
158 168
158 170
158 179
158 185
158 194
158 254
158 311
159 169
159 160
159 161
159 162
159 165
159 166
159 167
159 168
159 171
159 173
159 174
159 175
159 176
159 181
159 182
159 184
159 188
159 192
159 193
159 194
160 164
160 193
160 406
160 161
160 162
160 165
160 166
160 167
160 168
160 170
160 173
160 176
160 178
160 179
160 181
160 184
160 187
160 188
160 190
160 196
160 197
160 199
161 164
161 360
161 193
161 168
161 173
161 176
161 177
161 181
161 184
161 188
161 198
161 425
162 169
162 165
162 180
162 182
162 183
162 195
162 198
162 174
162 184
162 190
162 187
162 192
162 170
162 181
162 185
162 197
163 386
163 169
163 165
163 171
163 172
163 173
163 175
163 178
163 183
163 195
163 185
163 187
163 188
163 190
163 192
163 196
164 169
164 172
164 176
164 179
164 180
164 182
164 183
164 185
164 186
164 187
164 194
164 199
164 374
165 193
165 189
165 172
165 173
165 176
165 177
165 180
165 183
165 184
165 187
165 188
165 192
165 194
165 196
165 197
165 198
166 193
166 189
166 176
166 177
166 180
166 183
166 198
166 168
166 170
166 186
166 187
166 188
166 196
167 171
167 176
167 177
167 178
167 180
167 183
167 195
167 198
167 168
167 174
167 185
167 187
167 192
167 194
167 428
168 169
168 176
168 178
168 183
168 198
168 184
168 179
168 187
168 196
168 197
168 421
169 174
169 176
169 178
169 179
169 181
169 185
169 188
169 193
169 195
169 197
170 171
170 183
170 174
170 184
170 190
170 192
170 196
170 185
170 186
170 344
171 189
171 173
171 174
171 175
171 176
171 179
171 180
171 181
171 182
171 183
171 185
171 187
171 190
171 191
171 196
171 383
172 176
172 178
172 179
172 184
172 188
172 192
172 195
173 193
173 180
173 181
173 183
173 185
173 188
173 190
173 191
173 192
173 195
173 197
173 198
173 481
173 482
174 189
174 175
174 176
174 180
174 195
174 198
174 184
174 194
175 189
175 177
175 180
175 181
175 183
175 187
175 194
175 197
175 198
176 203
176 178
176 179
176 188
176 190
176 192
176 194
176 196
176 197
176 198
177 193
177 189
177 180
177 181
177 185
177 188
177 190
177 192
177 194
177 196
178 459
178 193
178 179
178 181
178 183
178 184
178 187
178 188
178 191
178 194
178 196
178 197
178 198
178 199
178 404
179 193
179 195
179 198
179 191
179 194
179 196
179 197
179 258
180 185
180 186
180 187
180 191
180 195
180 196
180 263
181 193
181 195
181 198
181 192
181 196
181 186
181 194
181 197
182 193
182 189
182 183
182 185
182 194
182 197
182 199
182 456
183 189
183 184
183 185
183 187
183 188
183 190
183 191
183 192
183 196
183 197
183 198
184 185
184 191
184 199
185 214
185 193
185 198
185 191
185 187
185 192
186 198
186 190
186 191
186 199
186 192
186 188
186 194
187 198
187 190
187 191
187 199
187 188
187 194
187 197
188 189
188 195
188 198
188 199
188 197
188 289
188 431
189 193
189 194
189 195
190 193
190 195
190 198
190 191
190 196
191 472
191 193
191 199
192 198
192 194
192 196
193 195
193 197
194 195
194 198
194 199
194 196
194 280
195 196
195 197
195 198
197 472
198 396
199 342
200 297
200 299
200 288
200 208
200 269
200 226
200 272
200 250
200 271
200 221
200 244
200 245
200 267
200 223
200 277
200 201
200 296
200 254
200 280
200 204
200 209
200 212
200 217
200 228
200 236
200 238
200 239
200 240
200 241
200 247
200 255
200 256
200 264
200 265
200 276
200 278
200 279
201 297
201 299
201 288
201 269
201 272
201 203
201 220
201 244
201 223
201 211
201 277
201 232
201 202
201 205
201 206
201 207
201 209
201 212
201 218
201 219
201 222
201 225
201 228
201 229
201 237
201 239
201 240
201 243
201 249
201 256
201 258
201 262
201 266
201 268
201 279
201 285
201 286
201 289
201 294
202 214
202 295
202 230
202 208
202 250
202 203
202 220
202 271
202 246
202 221
202 223
202 211
202 289
202 280
202 204
202 217
202 239
202 240
202 241
202 255
202 279
202 205
202 210
202 213
202 215
202 218
202 222
202 224
202 227
202 233
202 235
202 237
202 243
202 249
202 253
202 266
202 268
202 275
202 281
202 282
202 284
202 287
202 290
202 293
203 299
203 260
203 230
203 231
203 274
203 208
203 291
203 269
203 272
203 205
203 206
203 209
203 211
203 212
203 213
203 216
203 221
203 222
203 227
203 236
203 237
203 240
203 243
203 247
203 248
203 249
203 252
203 253
203 258
203 270
203 276
203 277
203 278
203 280
203 281
203 286
203 287
203 289
203 290
203 292
203 293
203 296
204 297
204 295
204 234
204 208
204 291
204 226
204 271
204 244
204 267
204 258
204 263
204 289
204 280
204 210
204 212
204 213
204 216
204 227
204 233
204 235
204 238
204 239
204 241
204 242
204 243
204 252
204 253
204 255
204 259
204 262
204 266
204 268
204 270
204 275
204 276
204 279
204 281
204 285
204 287
204 293
204 298
205 214
205 288
205 234
205 261
205 274
205 226
205 250
205 220
205 271
205 211
205 277
205 232
205 296
205 209
205 236
205 239
205 255
205 265
205 213
205 229
205 233
205 235
205 237
205 243
205 249
205 270
205 282
205 286
205 290
205 298
206 297
206 299
206 288
206 251
206 230
206 234
206 274
206 208
206 291
206 269
206 226
206 272
206 250
206 220
206 211
206 232
206 263
206 289
206 280
206 236
206 238
206 240
206 241
206 247
206 265
206 276
206 278
206 216
206 218
206 219
206 227
206 229
206 233
206 235
206 242
206 248
206 253
206 266
206 268
206 282
206 283
206 284
206 286
206 294
206 400
207 299
207 288
207 295
207 231
207 208
207 269
207 226
207 272
207 220
207 246
207 244
207 245
207 267
207 277
207 296
207 289
207 280
207 209
207 212
207 228
207 236
207 240
207 256
207 279
207 210
207 215
207 216
207 218
207 225
207 233
207 235
207 248
207 259
207 268
207 281
207 284
207 292
207 294
207 298
208 299
208 295
208 210
208 213
208 216
208 224
208 226
208 233
208 237
208 239
208 242
208 243
208 247
208 252
208 253
208 257
208 258
208 263
208 266
208 269
208 271
208 278
208 282
208 285
208 286
208 293
208 294
208 298
209 297
209 295
209 261
209 291
209 269
209 226
209 272
209 250
209 220
209 246
209 245
209 267
209 211
209 258
209 280
209 212
209 213
209 216
209 218
209 219
209 227
209 235
209 239
209 240
209 241
209 242
209 243
209 247
209 248
209 256
209 257
209 266
209 270
209 278
209 281
209 282
209 285
209 287
209 293
210 297
210 288
210 251
210 230
210 231
210 274
210 291
210 220
210 271
210 244
210 211
210 296
210 217
210 228
210 238
210 239
210 240
210 241
210 255
210 256
210 278
210 279
210 218
210 243
210 249
210 286
210 213
210 216
210 252
210 257
210 270
210 281
210 284
210 293
211 234
211 231
211 274
211 269
211 272
211 221
211 245
211 223
211 218
211 219
211 222
211 225
211 228
211 229
211 233
211 236
211 240
211 243
211 252
211 253
211 256
211 257
211 258
211 263
211 264
211 266
211 275
211 277
211 281
211 284
211 285
211 286
211 287
211 289
211 298
211 464
212 214
212 251
212 234
212 231
212 261
212 274
212 272
212 221
212 244
212 267
212 223
212 232
212 254
212 482
212 258
212 263
212 216
212 222
212 229
212 238
212 247
212 255
212 257
212 259
212 262
212 264
212 265
212 266
212 268
212 273
212 276
212 278
212 282
212 283
212 287
212 292
212 293
212 294
212 298
213 299
213 214
213 295
213 269
213 226
213 250
213 220
213 271
213 221
213 244
213 245
213 223
213 277
213 296
213 254
213 280
213 217
213 255
213 279
213 218
213 225
213 229
213 268
213 285
213 233
213 253
213 257
213 259
213 273
213 275
213 281
213 293
213 332
214 218
214 221
214 225
214 226
214 239
214 242
214 244
214 245
214 247
214 249
214 254
214 255
214 256
214 259
214 263
214 267
214 270
214 271
214 272
214 273
214 280
214 281
214 284
214 285
214 293
214 296
215 297
215 260
215 230
215 261
215 291
215 246
215 244
215 245
215 223
215 254
215 289
215 217
215 241
215 247
215 255
215 256
215 265
215 266
215 268
215 224
215 227
215 235
215 242
215 248
215 259
215 282
215 292
215 298
215 479
216 299
216 260
216 230
216 261
216 274
216 291
216 226
216 272
216 220
216 271
216 244
216 277
216 254
216 258
216 217
216 236
216 238
216 239
216 241
216 279
216 218
216 225
216 229
216 243
216 249
216 262
216 266
216 286
216 294
216 224
216 253
216 282
216 242
216 252
216 257
216 259
216 283
216 436
217 297
217 260
217 295
217 234
217 269
217 226
217 220
217 271
217 246
217 221
217 267
217 223
217 232
217 218
217 222
217 233
217 236
217 238
217 240
217 241
217 242
217 243
217 247
217 249
217 259
217 265
217 268
217 275
217 281
217 282
217 285
217 292
217 293
217 454
218 297
218 299
218 260
218 251
218 269
218 246
218 244
218 245
218 277
218 263
218 289
218 228
218 236
218 238
218 256
218 264
218 265
218 278
218 279
218 219
218 224
218 225
218 257
218 259
218 268
218 275
218 283
218 285
218 286
218 290
218 298
219 299
219 226
219 272
219 271
219 221
219 244
219 245
219 277
219 232
219 258
219 289
219 236
219 247
219 264
219 265
219 279
219 224
219 225
219 253
219 257
219 259
219 273
219 275
219 281
219 284
219 285
219 286
219 287
219 298
220 297
220 299
220 251
220 295
220 261
220 269
220 226
220 250
220 225
220 228
220 229
220 232
220 233
220 243
220 244
220 245
220 247
220 249
220 252
220 253
220 254
220 257
220 259
220 263
220 266
220 267
220 270
220 273
220 277
220 279
220 284
220 289
220 294
220 296
221 299
221 288
221 251
221 271
221 225
221 232
221 233
221 236
221 238
221 239
221 245
221 247
221 248
221 249
221 253
221 256
221 257
221 258
221 264
221 266
221 268
221 275
221 276
221 278
221 279
221 283
221 284
221 287
221 290
221 294
221 296
221 298
221 337
222 251
222 230
222 234
222 231
222 261
222 226
222 250
222 271
222 244
222 223
222 277
222 280
222 241
222 247
222 255
222 256
222 264
222 278
222 279
222 229
222 243
222 252
222 257
222 268
222 281
222 282
222 285
222 292
222 293
222 298
223 260
223 288
223 251
223 295
223 230
223 234
223 261
223 274
223 291
223 250
223 267
223 228
223 235
223 239
223 240
223 252
223 254
223 257
223 259
223 264
223 265
223 266
223 275
223 276
223 277
223 281
223 282
223 285
223 286
223 290
223 293
223 296
223 491
224 297
224 299
224 260
224 288
224 251
224 295
224 234
224 226
224 246
224 244
224 245
224 254
224 258
224 289
224 238
224 239
224 240
224 256
224 264
224 265
224 279
224 225
224 237
224 243
224 242
224 252
224 270
224 281
224 287
224 292
224 293
224 361
225 288
225 295
225 234
225 274
225 269
225 250
225 271
225 244
225 258
225 263
225 241
225 255
225 265
225 233
225 237
225 242
225 243
225 259
225 262
225 266
225 268
225 270
225 282
225 286
225 287
225 292
225 293
226 299
226 260
226 288
226 230
226 261
226 274
226 228
226 232
226 233
226 237
226 240
226 242
226 243
226 244
226 246
226 247
226 254
226 255
226 258
226 273
226 276
226 281
226 287
226 293
226 296
227 260
227 295
227 234
227 291
227 232
227 296
227 254
227 258
227 289
227 228
227 278
227 229
227 243
227 266
227 285
227 286
227 235
227 242
227 252
227 257
227 259
227 270
227 273
227 275
227 281
227 287
227 292
228 297
228 251
228 295
228 234
228 231
228 261
228 274
228 269
228 272
228 246
228 244
228 254
228 263
228 289
228 229
228 233
228 237
228 249
228 256
228 257
228 259
228 262
228 273
228 284
228 292
229 297
229 295
229 246
229 244
229 267
229 239
229 241
229 276
229 233
229 235
229 243
229 248
229 252
229 253
229 257
229 268
229 275
229 281
229 284
229 294
229 298
230 299
230 231
230 234
230 235
230 236
230 241
230 245
230 246
230 247
230 249
230 252
230 253
230 257
230 261
230 263
230 264
230 270
230 275
230 276
230 278
230 286
230 289
230 291
230 293
230 294
230 298
231 299
231 260
231 295
231 236
231 237
231 238
231 240
231 242
231 244
231 249
231 254
231 255
231 256
231 257
231 258
231 259
231 264
231 266
231 268
231 274
231 276
231 277
231 279
231 280
231 282
231 285
231 292
231 293
231 298
232 297
232 295
232 291
232 269
232 272
232 267
232 233
232 236
232 242
232 243
232 247
232 252
232 254
232 256
232 258
232 263
232 273
232 276
232 280
232 283
232 285
232 287
232 292
232 293
232 296
233 260
233 288
233 234
233 274
233 291
233 269
233 271
233 246
233 245
233 258
233 289
233 280
233 239
233 278
233 237
233 262
233 266
233 242
233 248
233 253
233 257
233 259
233 273
233 282
233 293
233 298
234 297
234 260
234 236
234 239
234 249
234 250
234 252
234 253
234 254
234 255
234 258
234 259
234 262
234 263
234 266
234 268
234 270
234 276
234 277
234 278
234 279
234 280
234 282
234 286
234 289
234 291
234 293
234 296
235 260
235 261
235 269
235 250
235 271
235 245
235 254
235 280
235 238
235 240
235 241
235 255
235 256
235 237
235 243
235 249
235 285
235 286
235 248
235 259
235 270
235 275
235 281
235 287
235 293
236 288
236 261
236 274
236 269
236 272
236 277
236 254
236 263
236 237
236 240
236 241
236 253
236 255
236 259
236 262
236 266
236 273
236 286
236 287
236 292
236 391
237 299
237 288
237 251
237 295
237 250
237 271
237 267
237 277
237 254
237 258
237 238
237 240
237 241
237 276
237 279
237 243
237 248
237 253
237 257
237 259
237 262
237 268
237 282
237 284
237 286
237 287
237 293
238 299
238 288
238 251
238 274
238 291
238 272
238 244
238 267
238 277
238 289
238 241
238 242
238 247
238 248
238 255
238 265
238 268
238 270
238 275
238 276
238 278
238 282
238 283
238 284
238 292
238 298
239 297
239 260
239 251
239 295
239 250
239 271
239 244
239 267
239 364
239 258
239 240
239 242
239 243
239 247
239 252
239 255
239 265
239 275
239 279
239 282
239 287
240 297
240 261
240 274
240 291
240 474
240 272
240 271
240 244
240 267
240 277
240 258
240 280
240 241
240 253
240 256
240 257
240 266
240 273
240 276
240 282
240 290
240 292
240 293
240 298
241 251
241 295
241 261
241 291
241 272
241 250
241 246
241 267
241 277
241 296
241 258
241 242
241 247
241 252
241 255
241 256
241 266
241 273
241 275
241 281
241 285
241 286
241 287
241 292
241 298
242 297
242 261
242 291
242 269
242 272
242 271
242 296
242 254
242 258
242 289
242 255
242 256
242 265
242 278
242 279
242 243
242 262
242 266
242 286
242 281
242 287
242 290
242 248
242 270
242 292
242 283
243 288
243 251
243 295
243 274
243 291
243 271
243 245
243 277
243 296
243 254
243 258
243 280
243 247
243 255
243 249
243 252
243 253
243 262
243 275
243 281
243 282
243 286
243 287
243 292
244 260
244 288
244 251
244 295
244 291
244 269
244 272
244 245
244 249
244 256
244 257
244 258
244 262
244 263
244 264
244 267
244 275
244 277
244 280
244 282
244 284
244 286
244 289
244 290
244 292
244 293
244 341
245 299
245 288
245 251
245 261
245 274
245 291
245 249
245 252
245 256
245 257
245 263
245 268
245 273
245 276
245 277
245 278
245 285
245 289
245 294
245 298
245 391
246 297
246 299
246 261
246 274
246 291
246 269
246 272
246 250
246 248
246 249
246 256
246 259
246 263
246 266
246 267
246 268
246 270
246 273
246 277
246 280
246 281
246 284
246 285
246 287
246 290
246 292
246 293
246 296
246 298
247 297
247 251
247 261
247 269
247 250
247 271
247 383
247 289
247 252
247 253
247 256
247 259
247 262
247 265
247 268
247 276
247 283
247 284
247 286
247 290
247 292
247 294
247 298
248 297
248 260
248 251
248 261
248 274
248 271
248 267
248 277
248 254
248 280
248 256
248 279
248 249
248 266
248 268
248 285
248 286
248 253
248 282
248 290
248 293
248 252
248 257
248 259
248 270
248 273
248 304
249 297
249 260
249 269
249 272
249 271
249 277
249 254
249 263
249 280
249 256
249 264
249 265
249 257
249 259
249 268
249 281
249 285
249 286
249 290
249 292
249 293
249 298
250 297
250 299
250 288
250 261
250 291
250 272
250 252
250 258
250 270
250 271
250 273
250 275
250 280
250 282
250 290
250 293
250 365
251 297
251 288
251 252
251 253
251 254
251 265
251 267
251 269
251 270
251 273
251 275
251 277
251 283
251 285
251 286
251 287
251 291
251 295
251 296
252 260
252 261
252 296
252 263
252 255
252 286
252 282
252 284
252 290
252 293
252 283
253 299
253 288
253 274
253 271
253 296
253 254
253 258
253 263
253 264
253 265
253 278
253 262
253 266
253 268
253 285
253 273
253 275
253 281
253 282
253 284
253 290
253 298
254 297
254 288
254 295
254 269
254 267
254 296
254 255
254 259
254 263
254 264
254 266
254 279
254 283
254 284
254 286
254 290
254 298
254 348
255 297
255 299
255 288
255 295
255 274
255 291
255 272
255 267
255 277
255 289
255 280
255 257
255 259
255 262
255 264
255 265
255 266
255 270
255 273
255 276
255 279
255 284
255 285
255 287
255 294
256 288
256 274
256 272
256 271
256 277
256 296
256 263
256 289
256 280
256 265
256 278
256 281
256 284
256 292
256 293
257 299
257 288
257 291
257 272
257 271
257 277
257 296
257 263
257 280
257 278
257 279
257 262
257 284
257 293
257 270
257 259
257 298
257 273
257 436
258 299
258 288
258 295
258 261
258 452
258 269
258 267
258 259
258 263
258 266
258 276
258 278
258 279
258 280
258 285
258 287
258 290
259 299
259 260
259 261
259 274
259 271
259 277
259 263
259 289
259 265
259 276
259 278
259 279
259 262
259 268
259 285
259 294
259 275
259 282
259 287
259 298
260 263
260 264
260 269
260 270
260 271
260 272
260 273
260 274
260 277
260 279
260 285
260 287
260 289
260 290
260 294
260 494
261 297
261 295
261 264
261 265
261 266
261 267
261 269
261 274
261 276
261 279
261 280
261 283
261 285
261 286
261 287
261 292
261 293
261 298
262 297
262 288
262 295
262 291
262 271
262 296
262 263
262 265
262 276
262 282
262 286
262 287
262 294
263 297
263 288
263 274
263 277
263 428
263 266
263 273
263 275
263 279
263 286
263 287
263 292
263 298
263 327
264 299
264 291
264 272
264 271
264 277
264 268
264 270
264 275
264 278
264 281
264 290
264 292
265 297
265 295
265 291
265 269
265 271
265 296
265 273
265 275
265 278
265 279
265 281
265 283
265 285
265 286
265 287
265 290
265 294
266 299
266 288
266 295
266 435
266 280
266 279
266 268
266 282
266 283
266 285
266 286
266 290
266 294
266 298
266 368
266 480
267 297
267 299
267 295
267 274
267 269
267 271
267 275
267 277
267 280
267 281
267 282
267 286
267 290
268 297
268 299
268 288
268 271
268 289
268 276
268 270
268 275
268 282
268 283
268 284
268 292
269 297
269 288
269 295
269 291
269 276
269 277
269 278
269 279
269 281
269 285
269 292
269 293
269 294
269 298
270 299
270 291
270 271
270 278
270 279
270 285
270 294
270 281
270 284
270 287
270 290
270 293
270 273
270 292
271 272
271 273
271 277
271 281
271 282
271 285
271 289
271 294
271 431
272 360
272 277
272 278
272 279
272 280
272 283
272 287
272 292
272 294
272 296
272 298
273 295
273 277
273 296
273 289
273 276
273 279
273 282
273 284
273 292
273 298
274 297
274 299
274 288
274 295
274 275
274 276
274 277
274 286
274 289
274 291
274 294
274 298
275 288
275 291
275 296
275 280
275 276
275 281
275 282
275 283
275 284
275 287
275 488
276 297
276 299
276 291
276 319
276 296
276 289
276 283
276 286
276 287
276 290
276 293
276 298
277 297
277 299
277 281
277 284
277 285
277 289
277 290
277 292
277 294
277 296
278 297
278 299
278 288
278 295
278 296
278 280
278 279
278 281
278 283
278 287
278 294
279 297
279 375
279 283
279 284
279 285
279 287
279 292
279 293
279 298
279 313
280 299
280 288
280 439
280 289
280 281
280 284
280 285
280 292
280 298
281 299
281 289
281 283
281 293
281 298
282 297
282 288
282 289
282 287
282 293
282 298
283 299
283 288
283 291
283 289
283 284
283 290
284 288
284 291
284 285
284 294
284 290
284 293
284 298
284 475
285 297
285 295
285 422
285 461
285 298
286 299
286 295
286 291
286 289
286 287
287 297
287 295
287 294
287 293
287 340
288 297
288 299
288 289
288 290
288 295
288 298
288 481
289 294
289 298
290 297
290 291
290 296
290 294
290 292
290 475
291 298
292 295
292 408
292 374
292 330
293 299
293 296
293 294
293 298
293 323
294 296
294 298
295 297
295 298
296 297
296 298
299 415
300 307
300 324
300 382
300 386
300 388
300 333
300 354
300 381
300 318
300 349
300 375
300 374
300 385
300 369
300 350
300 377
300 310
300 302
300 344
300 332
300 341
300 348
300 327
300 313
300 323
300 308
300 316
300 329
300 331
300 334
300 336
300 339
300 346
300 380
300 389
300 392
300 393
300 397
300 398
300 399
301 324
301 382
301 360
301 347
301 354
301 381
301 351
301 379
301 349
301 385
301 378
301 357
301 345
301 358
301 303
301 314
301 317
301 320
301 328
301 337
301 340
301 353
301 356
301 362
301 371
301 380
301 383
301 387
301 389
301 390
301 395
301 403
301 483
302 307
302 324
302 382
302 360
302 381
302 355
302 349
302 326
302 394
302 315
302 312
302 350
302 384
302 305
302 345
302 364
302 358
302 311
302 313
302 316
302 320
302 321
302 322
302 323
302 328
302 329
302 334
302 335
302 337
302 338
302 339
302 340
302 344
302 348
302 359
302 361
302 365
302 371
302 372
302 376
302 380
302 395
302 396
302 399
303 382
303 343
303 347
303 333
303 354
303 355
303 379
303 350
303 357
303 345
303 364
303 358
303 311
303 396
303 341
303 327
303 316
303 329
303 334
303 339
303 346
303 389
303 392
303 397
303 398
303 320
303 328
303 335
303 352
303 370
303 372
303 390
304 324
304 382
304 493
304 388
304 347
304 351
304 379
304 385
304 369
304 378
304 305
304 377
304 310
304 358
304 319
304 396
304 332
304 337
304 391
304 308
304 316
304 317
304 322
304 327
304 328
304 329
304 330
304 335
304 336
304 340
304 352
304 365
304 367
304 368
304 370
304 376
304 380
304 389
304 390
304 395
304 487
305 307
305 324
305 343
305 386
305 309
305 333
305 354
305 381
305 355
305 351
305 326
305 374
305 385
305 394
305 312
305 350
305 378
305 313
305 314
305 317
305 319
305 320
305 323
305 325
305 330
305 332
305 337
305 338
305 341
305 345
305 346
305 353
305 357
305 359
305 362
305 366
305 367
305 370
305 377
305 383
305 387
305 389
305 391
305 392
305 393
305 396
306 382
306 343
306 386
306 360
306 347
306 312
306 321
306 322
306 323
306 325
306 327
306 329
306 332
306 334
306 337
306 340
306 344
306 346
306 355
306 357
306 359
306 362
306 363
306 364
306 367
306 372
306 373
306 374
306 375
306 376
306 378
306 381
306 383
306 392
306 398
307 310
307 311
307 315
307 316
307 318
307 319
307 321
307 322
307 324
307 326
307 327
307 328
307 329
307 330
307 333
307 335
307 338
307 341
307 345
307 346
307 347
307 348
307 351
307 354
307 355
307 361
307 363
307 371
307 372
307 373
307 375
307 381
307 390
307 393
307 395
307 396
307 397
307 398
307 399
308 382
308 386
308 309
308 333
308 354
308 318
308 379
308 349
308 326
308 385
308 350
308 378
308 384
308 310
308 311
308 332
308 361
308 327
308 368
308 340
308 317
308 322
308 331
308 339
308 346
308 356
308 362
308 370
308 387
308 392
308 398
309 343
309 388
309 311
309 313
309 315
309 316
309 317
309 318
309 319
309 323
309 327
309 328
309 329
309 330
309 331
309 332
309 334
309 338
309 340
309 341
309 347
309 348
309 349
309 354
309 359
309 362
309 366
309 369
309 370
309 372
309 373
309 374
309 381
309 391
309 392
309 393
309 394
309 395
309 396
309 397
310 382
310 388
310 318
310 355
310 374
310 394
310 315
310 312
310 384
310 311
310 313
310 317
310 325
310 329
310 330
310 332
310 334
310 339
310 342
310 348
310 353
310 356
310 358
310 362
310 363
310 367
310 373
310 380
310 383
310 387
310 389
310 390
310 391
310 397
310 399
310 401
311 386
311 347
311 333
311 318
311 355
311 351
311 379
311 374
311 350
311 378
311 384
311 345
311 377
311 364
311 313
311 314
311 316
311 317
311 322
311 323
311 325
311 327
311 338
311 339
311 346
311 348
311 353
311 370
311 373
311 383
311 392
311 398
311 399
312 388
312 347
312 354
312 381
312 318
312 355
312 351
312 315
312 317
312 322
312 325
312 332
312 334
312 336
312 337
312 344
312 350
312 353
312 357
312 362
312 391
312 393
312 395
313 324
313 360
313 347
313 333
313 354
313 381
313 355
313 351
313 326
313 385
313 369
313 315
313 357
313 377
313 364
313 344
313 325
313 329
313 330
313 334
313 336
313 339
313 356
313 359
313 366
313 376
313 389
313 390
313 395
313 397
313 398
314 382
314 386
314 360
314 354
314 349
314 374
314 385
314 394
314 315
314 378
314 377
314 319
314 396
314 342
314 332
314 341
314 368
314 323
314 329
314 392
314 317
314 322
314 335
314 352
314 353
314 356
314 362
314 367
314 370
314 371
314 373
314 376
314 477
315 324
315 382
315 388
315 355
315 351
315 379
315 349
315 375
315 322
315 328
315 329
315 330
315 331
315 337
315 340
315 341
315 342
315 344
315 346
315 348
315 358
315 361
315 363
315 365
315 366
315 370
315 371
315 372
315 376
315 380
315 383
315 387
315 389
315 393
315 396
315 397
315 398
316 324
316 343
316 388
316 381
316 318
316 379
316 385
316 350
316 384
316 383
316 365
316 348
316 327
316 368
316 317
316 320
316 331
316 335
316 339
316 352
316 362
316 366
316 367
316 373
316 376
316 380
316 387
316 392
316 393
316 398
316 399
317 324
317 343
317 388
317 379
317 385
317 350
317 357
317 364
317 358
317 383
317 332
317 341
317 327
317 340
317 330
317 329
317 331
317 339
317 346
317 389
317 397
317 398
317 399
317 321
317 322
317 325
317 335
317 353
317 359
317 362
317 370
317 372
317 387
318 382
318 388
318 347
318 354
318 321
318 323
318 327
318 331
318 332
318 335
318 338
318 339
318 341
318 345
318 348
318 349
318 350
318 352
318 355
318 359
318 366
318 369
318 371
318 373
318 378
318 383
318 385
318 390
318 396
318 397
319 324
319 382
319 388
319 355
319 349
319 375
319 385
319 350
319 378
319 345
319 377
319 320
319 323
319 329
319 330
319 331
319 336
319 340
319 341
319 342
319 346
319 348
319 353
319 359
319 361
319 366
319 380
319 389
319 393
319 395
319 397
319 399
320 343
320 386
320 351
320 349
320 375
320 499
320 326
320 374
320 369
320 357
320 345
320 358
320 344
320 361
320 391
320 348
320 327
320 323
320 329
320 334
320 392
320 325
320 356
320 359
320 362
320 367
320 372
320 373
320 390
320 473
321 324
321 382
321 388
321 354
321 381
321 351
321 379
321 349
321 375
321 374
321 369
321 384
321 377
321 396
321 342
321 332
321 391
321 365
321 323
321 329
321 346
321 389
321 392
321 393
321 398
321 353
321 371
321 352
321 366
321 367
321 372
322 343
322 360
322 354
322 381
322 355
322 379
322 375
322 326
322 374
322 369
322 394
322 350
322 345
322 364
322 344
322 396
322 342
322 337
322 391
322 341
322 327
322 340
322 323
322 336
322 339
322 398
322 328
322 353
322 371
322 325
322 335
322 338
322 363
322 370
322 376
323 343
323 388
323 347
323 351
323 349
323 375
323 374
323 385
323 350
323 378
323 384
323 345
323 364
323 383
323 396
323 332
323 361
323 391
323 368
323 340
323 330
323 325
323 329
323 346
323 356
323 362
323 366
323 367
323 371
323 372
323 387
323 389
323 390
323 392
323 395
323 397
324 331
324 333
324 334
324 339
324 342
324 343
324 344
324 346
324 350
324 352
324 354
324 359
324 360
324 361
324 365
324 366
324 371
324 372
324 375
324 376
324 377
324 380
324 381
324 382
324 383
324 384
324 386
324 387
324 389
324 392
324 398
324 399
325 382
325 386
325 360
325 347
325 355
325 351
325 379
325 326
325 374
325 369
325 345
325 377
325 342
325 332
325 391
325 341
325 365
325 334
325 336
325 399
325 353
325 371
325 395
325 338
325 359
325 352
325 370
325 367
325 363
325 373
326 386
326 388
326 333
326 381
326 351
326 330
326 335
326 337
326 339
326 340
326 341
326 344
326 346
326 352
326 353
326 356
326 361
326 369
326 370
326 371
326 377
326 389
326 390
326 391
326 392
326 393
326 394
326 395
326 396
326 398
327 382
327 360
327 347
327 333
327 381
327 351
327 375
327 385
327 369
327 350
327 378
327 384
327 357
327 396
327 337
327 391
327 348
327 329
327 346
327 353
327 362
327 363
327 366
327 367
327 373
327 376
327 392
327 395
327 397
327 399
328 382
328 343
328 386
328 360
328 333
328 354
328 385
328 369
328 384
328 364
328 358
328 344
328 396
328 337
328 365
328 348
328 368
328 398
328 399
328 335
328 338
328 352
328 363
328 366
328 370
328 372
328 390
328 395
329 343
329 388
329 347
329 375
329 374
329 384
329 345
329 358
329 344
329 342
329 361
329 331
329 335
329 336
329 339
329 346
329 353
329 356
329 362
329 363
329 366
329 372
329 376
329 392
329 398
330 343
330 386
330 388
330 381
330 379
330 375
330 374
330 378
330 384
330 357
330 345
330 364
330 358
330 344
330 341
330 348
330 340
330 335
330 339
330 352
330 367
330 372
330 373
330 380
330 389
330 392
330 393
330 395
330 399
330 412
331 382
331 343
331 388
331 333
331 381
331 351
331 374
331 369
331 384
331 357
331 377
331 337
331 361
331 391
331 341
331 365
331 348
331 368
331 340
331 334
331 335
331 346
331 352
331 359
331 367
331 370
331 371
331 372
331 376
331 390
331 392
331 397
331 398
331 490
332 343
332 347
332 333
332 354
332 355
332 351
332 375
332 374
332 394
332 364
332 358
332 342
332 334
332 336
332 338
332 339
332 340
332 346
332 352
332 353
332 359
332 361
332 363
332 367
332 372
332 373
332 376
332 387
332 389
332 390
332 391
332 393
332 398
333 382
333 386
333 360
333 347
333 334
333 335
333 336
333 338
333 339
333 340
333 348
333 353
333 356
333 357
333 358
333 365
333 366
333 367
333 373
333 376
333 379
333 383
333 385
333 389
333 395
333 396
333 397
334 388
334 360
334 347
334 354
334 381
334 355
334 375
334 374
334 369
334 357
334 358
334 391
334 368
334 346
334 353
334 359
334 363
334 366
334 372
334 376
334 387
334 395
334 399
335 382
335 343
335 360
335 347
335 354
335 355
335 379
335 350
335 357
335 358
335 344
335 383
335 361
335 341
335 348
335 340
335 399
335 353
335 362
335 371
335 387
335 338
335 363
335 366
335 372
335 376
336 386
336 388
336 347
336 354
336 349
336 375
336 364
336 342
336 391
336 365
336 353
336 362
336 366
336 393
336 395
336 398
337 386
337 388
337 360
337 354
337 381
337 374
337 369
337 394
337 378
337 384
337 357
337 377
337 358
337 396
337 342
337 339
337 341
337 352
337 353
337 361
337 363
337 365
337 367
337 380
337 390
337 393
337 398
337 399
338 382
338 343
338 360
338 347
338 354
338 355
338 351
338 379
338 375
338 385
338 369
338 394
338 377
338 358
338 344
338 383
338 342
338 361
338 391
338 341
338 340
338 380
338 392
338 393
338 399
338 353
338 356
338 363
338 366
338 367
339 343
339 388
339 360
339 347
339 351
339 374
339 357
339 341
339 365
339 348
339 346
339 352
339 353
339 359
339 363
339 367
339 371
339 372
339 376
339 380
339 387
339 395
339 397
339 398
340 382
340 343
340 360
340 349
340 374
340 385
340 394
340 384
340 357
340 377
340 358
340 344
340 361
340 341
340 365
340 368
340 352
340 353
340 359
340 362
340 363
340 367
340 373
340 392
340 395
340 397
340 398
341 347
341 351
341 349
341 374
341 385
341 369
341 350
341 384
341 377
341 344
341 396
341 361
341 348
341 365
341 367
341 368
341 372
341 376
341 395
342 347
342 354
342 381
342 351
342 375
342 385
342 357
342 377
342 364
342 353
342 359
342 366
342 367
342 370
342 373
342 376
342 389
342 392
342 398
342 399
343 344
343 350
343 351
343 354
343 358
343 359
343 360
343 362
343 365
343 366
343 371
343 374
343 376
343 377
343 379
343 380
343 381
343 383
343 387
343 389
343 395
343 398
343 399
344 386
344 379
344 369
344 350
344 377
344 364
344 358
344 494
344 346
344 348
344 356
344 361
344 366
344 367
344 368
344 373
344 376
344 380
344 392
344 393
344 396
344 398
345 360
345 347
345 354
345 385
345 348
345 353
345 358
345 362
345 363
345 368
345 372
345 376
345 377
345 380
345 392
345 395
345 396
345 397
345 398
345 399
346 388
346 381
346 379
346 374
346 385
346 369
346 378
346 357
346 377
346 365
346 348
346 368
346 367
346 376
346 387
346 390
346 398
347 350
347 351
347 357
347 359
347 362
347 364
347 370
347 371
347 379
347 381
347 383
347 384
347 391
347 393
347 396
347 398
347 399
348 382
348 386
348 354
348 381
348 355
348 351
348 385
348 394
348 384
348 377
348 383
348 361
348 365
348 363
348 368
348 370
348 373
348 380
348 387
348 389
348 390
348 392
348 397
348 398
349 382
349 381
349 355
349 351
349 379
349 350
349 353
349 358
349 362
349 363
349 364
349 365
349 366
349 367
349 373
349 374
349 375
349 376
349 378
349 380
349 383
349 384
349 385
349 389
349 393
349 395
350 386
350 381
350 379
350 375
350 374
350 385
350 353
350 359
350 361
350 364
350 365
350 371
350 373
350 377
350 383
350 387
350 390
350 391
350 392
350 396
351 354
351 352
351 356
351 359
351 362
351 368
351 369
351 371
351 375
351 384
351 389
351 391
351 393
351 394
351 398
351 424
352 379
352 385
352 364
352 368
352 389
352 392
352 397
352 398
352 399
352 356
352 371
352 387
352 366
352 367
352 370
353 382
353 355
353 374
353 369
353 394
353 357
353 377
353 364
353 358
353 356
353 367
353 370
353 372
353 373
354 360
354 355
354 356
354 357
354 359
354 361
354 362
354 363
354 364
354 365
354 366
354 367
354 374
354 375
354 378
354 379
354 380
354 381
354 383
354 384
354 389
354 392
354 394
354 395
354 399
355 382
355 386
355 381
355 358
355 361
355 363
355 364
355 365
355 372
355 374
355 375
355 378
355 380
355 383
355 391
355 396
355 397
355 398
355 399
356 382
356 381
356 379
356 374
356 369
356 394
356 391
356 392
356 397
356 366
356 371
356 372
356 373
356 376
357 386
357 388
357 379
357 375
357 361
357 362
357 363
357 370
357 372
357 373
357 380
357 387
357 391
357 396
357 397
357 398
357 399
358 382
358 381
358 379
358 375
358 369
358 394
358 362
358 363
358 365
358 367
358 368
358 370
358 373
358 380
358 387
358 390
358 391
358 392
358 393
358 395
358 397
358 398
358 399
359 382
359 386
359 388
359 360
359 381
359 375
359 374
359 378
359 364
359 383
359 396
359 365
359 368
359 392
359 387
359 390
359 363
359 366
359 367
359 370
359 373
360 386
360 388
360 361
360 364
360 365
360 366
360 367
360 369
360 371
360 372
360 376
360 377
360 379
360 380
360 383
360 390
360 392
360 393
360 395
360 396
360 454
360 458
361 386
361 369
361 364
361 383
361 396
361 365
361 370
361 380
361 390
362 382
362 379
362 385
362 378
362 384
362 365
362 368
362 393
362 397
362 367
362 370
362 371
362 373
362 390
362 395
363 388
363 374
363 384
363 377
363 383
363 397
363 398
363 399
363 376
363 367
363 366
364 374
364 385
364 394
364 378
364 368
364 370
364 372
364 373
364 376
364 387
364 391
364 397
365 388
365 379
365 375
365 385
365 378
365 366
365 367
365 368
365 371
365 373
365 389
365 392
365 395
365 398
366 382
366 386
366 381
366 375
366 374
366 385
366 369
366 394
366 384
366 383
366 396
366 397
366 399
366 371
366 387
366 390
366 372
366 373
367 388
367 381
367 374
367 394
367 377
367 391
367 368
367 380
367 399
367 371
367 390
367 395
368 379
368 375
368 374
368 385
368 384
368 377
368 396
368 391
368 372
368 373
368 380
368 389
368 390
368 392
368 393
369 382
369 374
369 385
369 370
369 371
369 372
369 373
369 384
369 391
369 392
369 395
369 398
370 382
370 388
370 374
370 389
370 392
370 397
370 398
370 387
370 390
370 395
371 382
371 381
371 379
371 375
371 378
371 389
371 392
371 398
371 399
371 387
372 382
372 388
372 379
372 375
372 374
372 394
372 384
372 396
372 391
372 389
372 392
372 393
372 397
372 387
372 390
373 386
373 388
373 381
373 375
373 374
373 391
373 387
373 395
374 386
374 379
374 376
374 377
374 384
374 387
374 389
374 390
374 391
374 393
374 394
374 395
375 382
375 386
375 388
375 376
375 377
375 380
375 385
375 393
375 395
376 382
376 388
376 381
376 385
376 394
376 397
376 398
376 395
377 386
377 388
377 381
377 380
377 383
377 390
377 391
377 393
377 396
377 397
377 398
378 386
378 379
378 384
378 387
378 389
378 397
378 455
379 386
379 380
379 384
379 389
379 391
379 395
379 398
379 399
380 383
380 387
380 389
380 398
380 399
381 382
381 386
381 388
381 383
381 384
381 385
381 387
381 390
381 395
381 398
381 399
382 384
382 387
382 388
382 389
382 391
382 397
382 399
382 486
383 388
383 385
383 394
383 384
383 395
383 399
384 386
384 388
384 389
384 392
384 397
385 387
385 393
386 392
386 393
386 396
386 397
387 394
387 396
387 389
387 398
387 399
388 391
388 392
388 395
388 397
388 399
389 394
389 390
389 392
389 395
389 399
390 393
390 399
391 396
391 399
392 396
392 395
392 398
393 394
393 396
393 395
393 398
394 395
394 398
394 399
396 397
396 398
396 403
396 462
397 398
400 452
400 469
400 406
400 461
400 417
400 494
400 405
400 428
400 481
400 482
400 401
400 407
400 411
400 413
400 418
400 420
400 423
400 430
400 433
400 436
400 437
400 444
400 445
400 446
400 450
400 460
400 463
400 464
400 467
400 468
400 470
400 473
400 476
400 480
400 486
400 487
400 488
400 490
400 495
400 496
401 426
401 459
401 435
401 441
401 469
401 453
401 499
401 405
401 428
401 404
401 456
401 431
401 464
401 488
401 475
401 483
401 487
401 414
401 416
401 423
401 438
401 442
401 448
401 455
401 465
401 473
401 476
401 477
401 490
401 496
401 498
402 406
402 499
402 485
402 417
402 419
402 451
402 428
402 421
402 482
402 456
402 431
402 454
402 403
402 477
402 407
402 423
402 430
402 433
402 437
402 450
402 467
402 468
402 470
402 495
402 414
402 416
402 438
402 465
402 498
402 429
402 447
402 471
402 484
403 426
403 435
403 453
403 439
403 419
403 494
403 425
403 428
403 421
403 481
403 404
403 464
403 436
403 488
403 415
403 410
403 412
403 418
403 443
403 444
403 445
403 446
403 448
403 450
403 458
403 460
403 468
403 477
403 487
403 490
403 497
404 459
404 452
404 408
404 453
404 406
404 439
404 485
404 432
404 417
404 451
404 425
404 421
404 409
404 411
404 413
404 414
404 423
404 424
404 427
404 429
404 433
404 436
404 442
404 444
404 450
404 456
404 467
404 471
404 475
404 476
404 477
404 478
404 479
404 487
404 488
404 492
404 496
404 498
405 472
405 449
405 452
405 435
405 441
405 406
405 499
405 491
405 457
405 410
405 412
405 415
405 416
405 418
405 420
405 424
405 427
405 428
405 430
405 433
405 436
405 438
405 442
405 444
405 447
405 454
405 455
405 460
405 464
405 465
405 471
405 477
405 479
405 480
405 481
405 482
405 483
405 490
405 496
405 498
406 426
406 493
406 422
406 435
406 469
406 412
406 414
406 415
406 417
406 418
406 421
406 427
406 431
406 432
406 436
406 440
406 450
406 454
406 455
406 458
406 464
406 470
406 471
406 473
406 475
406 478
406 481
406 483
406 484
406 487
406 489
406 490
406 491
406 492
406 494
406 496
406 497
407 472
407 459
407 435
407 441
407 469
407 499
407 439
407 485
407 491
407 432
407 494
407 428
407 481
407 482
407 431
407 464
407 436
407 454
407 488
407 475
407 487
407 477
407 412
407 409
407 411
407 414
407 418
407 429
407 430
407 437
407 440
407 444
407 463
407 465
407 466
407 471
407 478
407 496
407 497
408 422
408 435
408 474
408 469
408 413
408 414
408 415
408 416
408 418
408 420
408 423
408 427
408 430
408 433
408 440
408 447
408 454
408 458
408 460
408 461
408 464
408 465
408 467
408 475
408 478
408 481
408 483
408 489
408 490
408 499
409 472
409 435
409 474
409 469
409 485
409 417
409 494
409 421
409 456
409 464
409 454
409 480
409 415
409 477
409 490
409 455
409 486
409 462
409 411
409 420
409 433
409 437
409 446
409 467
409 468
409 476
409 495
409 496
409 442
409 465
409 410
409 497
409 466
409 492
410 493
410 422
410 449
410 434
410 453
410 499
410 439
410 485
410 432
410 425
410 428
410 421
410 456
410 454
410 480
410 475
410 415
410 477
410 473
410 412
410 486
410 413
410 418
410 420
410 423
410 430
410 444
410 460
410 463
410 467
410 468
410 496
410 465
410 471
410 466
410 489
411 472
411 459
411 435
411 441
411 434
411 453
411 439
411 485
411 491
411 457
411 461
411 419
411 451
411 456
411 464
411 479
411 480
411 488
411 415
411 424
411 458
411 455
411 486
411 413
411 416
411 433
411 437
411 440
411 444
411 448
411 463
411 465
411 468
411 471
411 478
411 498
412 459
412 449
412 435
412 441
412 434
412 453
412 485
412 491
412 419
412 425
412 428
412 482
412 464
412 436
412 488
412 475
412 415
412 487
412 414
412 418
412 424
412 429
412 430
412 433
412 444
412 448
412 450
412 455
412 468
412 470
412 484
412 489
412 497
412 498
413 449
413 452
413 441
413 434
413 439
413 457
413 461
413 432
413 451
413 431
413 464
413 479
413 480
413 488
413 415
413 483
413 462
413 414
413 416
413 420
413 427
413 430
413 440
413 443
413 445
413 448
413 450
413 460
413 467
413 471
413 478
413 484
413 489
413 496
413 497
414 426
414 493
414 449
414 452
414 435
414 474
414 469
414 485
414 491
414 457
414 461
414 432
414 417
414 419
414 494
414 428
414 456
414 464
414 436
414 480
414 415
414 487
414 424
414 458
414 455
414 462
414 418
414 420
414 437
414 444
414 445
414 460
414 467
414 470
414 476
414 443
414 447
414 484
414 489
414 492
414 497
415 426
415 493
415 422
415 459
415 441
415 469
415 453
415 485
415 491
415 417
415 428
415 481
415 479
415 480
415 488
415 475
415 418
415 420
415 427
415 438
415 440
415 446
415 448
415 450
415 458
415 463
415 465
415 466
415 467
415 468
415 476
415 477
415 486
415 487
415 496
416 493
416 452
416 474
416 499
416 491
416 457
416 461
416 494
416 428
416 421
416 481
416 456
416 431
416 480
416 487
416 473
416 490
416 424
416 455
416 418
416 445
416 450
416 427
416 440
416 442
416 465
416 478
416 489
416 492
417 422
417 474
417 441
417 499
417 485
417 461
417 418
417 420
417 421
417 424
417 427
417 437
417 440
417 442
417 443
417 444
417 450
417 455
417 456
417 458
417 460
417 462
417 463
417 464
417 465
417 468
417 471
417 479
417 480
417 482
417 483
417 487
417 489
417 490
417 494
417 495
417 496
418 472
418 493
418 422
418 459
418 449
418 452
418 485
418 491
418 457
418 461
418 451
418 494
418 425
418 421
418 456
418 479
418 483
418 490
418 455
418 462
418 427
418 433
418 438
418 440
418 442
418 443
418 444
418 448
418 450
418 466
418 467
418 470
418 489
418 497
418 498
419 472
419 493
419 422
419 441
419 469
419 434
419 439
419 491
419 461
419 432
419 420
419 424
419 430
419 437
419 438
419 447
419 451
419 454
419 463
419 464
419 467
419 470
419 476
419 477
419 478
419 481
419 482
419 488
419 496
419 498
420 472
420 422
420 435
420 469
420 434
420 439
420 485
420 457
420 461
420 432
420 494
420 421
420 431
420 464
420 479
420 454
420 477
420 473
420 490
420 486
420 462
420 427
420 429
420 437
420 438
420 443
420 447
420 448
420 450
420 460
420 465
420 467
420 470
420 476
420 484
420 496
420 497
421 426
421 493
421 459
421 449
421 435
421 469
421 439
421 491
421 457
421 461
421 428
421 424
421 429
421 430
421 431
421 440
421 442
421 445
421 447
421 455
421 462
421 471
421 473
421 476
421 480
421 482
421 484
421 488
421 489
421 490
421 495
422 426
422 493
422 425
422 427
422 429
422 430
422 432
422 434
422 435
422 439
422 441
422 443
422 447
422 449
422 450
422 453
422 462
422 467
422 468
422 471
422 473
422 474
422 479
422 480
422 486
422 489
422 491
422 494
422 495
422 497
423 426
423 472
423 449
423 452
423 474
423 439
423 494
423 425
423 428
423 431
423 464
423 479
423 454
423 475
423 477
423 473
423 455
423 486
423 462
423 427
423 430
423 433
423 438
423 442
423 444
423 445
423 448
423 450
423 460
423 466
423 468
423 471
423 476
423 478
424 426
424 449
424 435
424 474
424 453
424 439
424 485
424 457
424 461
424 432
424 451
424 425
424 481
424 482
424 431
424 436
424 477
424 490
424 430
424 442
424 445
424 446
424 450
424 455
424 458
424 466
424 470
424 476
424 489
425 493
425 449
425 452
425 453
425 499
425 439
425 491
425 461
425 432
425 431
425 436
425 438
425 444
425 445
425 455
425 456
425 458
425 463
425 464
425 466
425 467
425 468
425 470
425 471
425 473
425 475
425 476
425 484
425 486
425 490
425 492
425 497
425 498
426 432
426 433
426 436
426 438
426 445
426 450
426 453
426 454
426 456
426 459
426 460
426 461
426 462
426 463
426 465
426 466
426 469
426 470
426 471
426 473
426 477
426 478
426 483
426 484
426 485
426 488
426 496
426 497
427 493
427 452
427 435
427 474
427 434
427 499
427 485
427 457
427 461
427 432
427 481
427 456
427 479
427 436
427 488
427 477
427 458
427 433
427 446
427 468
427 476
427 498
427 429
427 447
427 484
427 443
427 440
428 472
428 493
428 459
428 449
428 435
428 474
428 441
428 434
428 432
428 451
428 438
428 440
428 442
428 446
428 454
428 458
428 462
428 463
428 464
428 466
428 473
428 475
428 478
428 479
428 480
428 482
428 483
428 484
428 486
428 487
428 488
428 489
428 490
428 495
428 497
428 498
429 493
429 452
429 435
429 441
429 434
429 453
429 499
429 491
429 432
429 481
429 479
429 454
429 473
429 486
429 462
429 430
429 450
429 467
429 468
429 470
429 495
429 465
429 498
429 471
429 478
430 472
430 459
430 449
430 435
430 474
430 441
430 469
430 439
430 457
430 432
430 451
430 494
430 481
430 431
430 464
430 488
430 487
430 473
430 455
430 462
430 433
430 438
430 442
430 444
430 447
430 465
430 466
430 467
430 470
430 478
430 497
431 472
431 493
431 435
431 474
431 469
431 434
431 499
431 461
431 451
431 481
431 482
431 456
431 437
431 445
431 454
431 460
431 462
431 464
431 483
431 484
431 490
431 495
431 496
431 497
431 498
432 452
432 469
432 499
432 439
432 491
432 436
432 437
432 442
432 445
432 446
432 450
432 454
432 458
432 463
432 464
432 466
432 470
432 476
432 479
432 480
432 484
432 486
432 488
432 489
432 496
432 497
433 459
433 452
433 435
433 469
433 453
433 457
433 451
433 464
433 454
433 480
433 488
433 475
433 483
433 477
433 462
433 437
433 438
433 440
433 443
433 444
433 445
433 447
433 450
433 466
433 470
433 478
433 484
433 489
433 492
433 495
434 472
434 493
434 459
434 449
434 452
434 435
434 474
434 441
434 437
434 438
434 439
434 440
434 444
434 445
434 447
434 448
434 450
434 451
434 455
434 456
434 457
434 464
434 468
434 471
434 475
434 476
434 477
434 483
434 486
434 487
434 488
434 490
434 492
434 494
434 495
434 496
435 459
435 449
435 436
435 438
435 447
435 448
435 453
435 457
435 460
435 466
435 468
435 469
435 470
435 474
435 476
435 478
435 483
435 485
435 486
435 487
435 488
435 489
435 495
435 497
436 472
436 459
436 499
436 439
436 485
436 457
436 451
436 456
436 464
436 440
436 445
436 446
436 458
436 462
436 465
436 467
436 470
436 471
436 476
436 480
436 484
436 486
436 487
436 492
437 493
437 459
437 469
437 453
437 485
437 494
437 475
437 487
437 477
437 473
437 490
437 486
437 438
437 442
437 444
437 448
437 463
437 466
437 478
437 484
437 495
437 498
438 459
438 449
438 452
438 441
438 469
438 499
438 439
438 485
438 461
438 494
438 479
438 488
438 483
438 477
438 473
438 490
438 455
438 486
438 444
438 450
438 467
438 468
438 470
438 476
438 496
438 440
438 442
438 466
438 489
438 492
438 497
438 498
439 472
439 493
439 445
439 447
439 448
439 450
439 456
439 460
439 462
439 464
439 465
439 466
439 467
439 470
439 475
439 476
439 479
439 480
439 482
439 484
439 486
439 487
439 495
439 497
440 472
440 452
440 474
440 469
440 453
440 481
440 454
440 480
440 475
440 462
440 444
440 445
440 463
440 470
440 495
440 496
440 442
440 448
440 465
440 497
440 489
441 459
441 449
441 442
441 443
441 444
441 445
441 456
441 462
441 463
441 467
441 468
441 469
441 471
441 473
441 475
441 477
441 483
441 484
441 485
441 488
441 489
441 490
441 495
441 496
441 498
442 472
442 493
442 449
442 453
442 485
442 461
442 451
442 481
442 482
442 454
442 483
442 487
442 477
442 490
442 458
442 486
442 444
442 467
442 470
442 447
442 448
442 478
442 484
442 492
442 498
443 449
443 453
443 451
443 494
443 481
443 454
443 480
443 483
443 486
443 462
443 450
443 460
443 463
443 476
443 448
443 447
443 478
444 493
444 459
444 453
444 485
444 457
444 461
444 490
444 458
444 455
444 466
444 471
444 489
444 497
445 449
445 469
445 453
445 499
445 491
445 457
445 482
445 456
445 473
445 490
445 455
445 446
445 450
445 465
445 466
445 468
445 470
445 476
445 489
445 497
446 472
446 457
446 451
446 481
446 479
446 483
446 487
446 477
446 455
446 462
446 447
446 448
446 470
446 484
446 498
447 491
447 494
447 481
447 482
447 456
447 464
447 454
447 480
447 483
447 477
447 458
447 486
447 450
447 460
447 463
447 476
447 465
447 466
447 471
447 492
448 493
448 459
448 474
448 485
448 491
448 461
448 481
448 456
448 464
448 479
448 480
448 488
448 487
448 458
448 467
448 470
448 495
448 465
448 466
448 489
448 492
448 497
449 472
449 493
449 453
449 454
449 455
449 467
449 469
449 470
449 475
449 477
449 479
449 482
449 487
449 488
449 491
449 494
449 497
449 498
450 493
450 474
450 469
450 461
450 482
450 456
450 464
450 479
450 480
450 475
450 473
450 458
450 455
450 460
450 476
450 484
450 489
450 492
450 498
451 493
451 459
451 452
451 453
451 485
451 491
451 454
451 455
451 462
451 465
451 466
451 468
451 476
451 478
451 479
451 484
451 486
451 495
452 472
452 493
452 453
452 454
452 456
452 460
452 464
452 466
452 467
452 468
452 471
452 473
452 474
452 475
452 476
452 479
452 483
452 485
452 488
452 489
452 491
452 492
452 494
452 495
452 499
453 493
453 455
453 457
453 460
453 461
453 467
453 473
453 476
453 477
453 481
453 482
453 486
453 494
453 495
453 497
453 498
454 472
454 493
454 457
454 461
454 481
454 482
454 455
454 462
454 463
454 467
454 468
454 470
454 471
454 473
454 477
454 478
454 483
454 486
454 487
454 496
455 459
455 469
455 485
455 491
455 461
455 482
455 464
455 483
455 473
455 490
455 458
455 460
455 462
455 463
455 465
455 466
455 467
455 468
455 470
455 486
455 495
456 472
456 469
456 485
456 457
456 460
456 463
456 466
456 471
456 475
456 483
456 490
456 496
457 469
457 491
457 458
457 461
457 462
457 465
457 470
457 475
457 476
457 479
457 481
457 482
457 490
457 492
457 495
457 496
458 459
458 485
458 491
458 481
458 482
458 464
458 479
458 473
458 465
458 470
458 471
458 486
458 495
458 497
458 498
459 472
459 462
459 463
459 464
459 465
459 466
459 470
459 471
459 474
459 475
459 482
459 483
459 487
459 491
459 494
459 497
460 472
460 474
460 469
460 481
460 479
460 483
460 490
460 486
460 478
460 484
460 489
460 495
461 474
461 485
461 491
461 466
461 467
461 473
461 476
461 479
461 487
461 490
461 496
462 472
462 474
462 494
462 482
462 480
462 475
462 483
462 487
462 477
462 490
462 486
462 463
462 467
462 497
462 498
463 493
463 485
463 494
463 481
463 479
463 488
463 483
463 477
463 490
463 476
463 484
463 498
464 472
464 474
464 499
464 494
464 481
464 482
464 465
464 467
464 477
464 484
464 487
464 489
464 496
465 474
465 469
465 485
465 494
465 480
465 487
465 490
465 486
465 476
465 496
465 489
465 492
465 497
465 498
466 472
466 493
466 485
466 482
466 480
466 483
466 487
466 473
466 486
466 467
466 476
466 489
467 493
467 469
467 479
467 480
467 475
467 487
467 477
467 473
467 486
467 470
467 471
467 476
467 478
467 484
467 492
467 497
467 498
468 493
468 499
468 491
468 482
468 480
468 488
468 475
468 473
468 486
468 470
468 471
468 498
469 473
469 475
469 476
469 479
469 481
469 482
469 486
469 487
469 488
469 489
469 491
469 494
470 472
470 493
470 474
470 494
470 481
470 479
470 488
470 486
470 498
471 472
471 482
471 479
471 480
471 488
471 495
471 496
471 492
471 497
472 474
472 478
472 480
472 481
472 483
472 484
472 485
472 486
472 487
472 491
472 492
472 496
472 497
473 493
473 474
473 499
473 491
473 494
473 479
473 483
473 478
473 486
473 490
473 492
473 496
474 493
474 476
474 478
474 480
474 481
474 483
474 484
474 485
474 487
474 492
474 495
474 496
475 493
475 485
475 491
475 480
475 478
475 489
475 496
476 485
476 482
476 488
476 483
476 477
476 490
476 484
476 496
476 497
476 498
477 499
477 491
477 479
477 478
477 484
477 490
477 495
477 496
477 498
478 499
478 485
478 494
478 488
478 487
478 490
478 496
478 489
478 492
479 493
479 481
479 480
479 483
479 486
479 489
479 490
479 495
480 493
480 485
480 494
480 482
480 483
480 484
480 486
480 488
480 490
480 497
481 499
481 485
481 491
481 484
481 489
481 490
481 496
481 498
482 494
482 490
482 496
482 498
483 493
483 494
483 486
483 487
483 495
483 496
483 497
483 498
484 486
484 498
484 489
484 492
485 489
485 491
485 495
485 496
485 497
486 493
486 494
486 490
486 492
486 495
486 497
486 498
487 499
487 491
487 494
487 488
487 497
488 493
488 499
488 494
488 489
488 490
488 492
488 498
489 495
489 496
489 498
489 497
489 492
490 491
490 494
490 496
491 492
491 495
491 496
492 495
492 496
492 497
493 495
493 496
494 496
494 497
494 498
495 499
496 497
496 498
498 499
