0 27
1 352
2 30
2 354
3 42
3 47
3 66
3 91
3 99
4 39
4 88
5 54
6 166
7 74
7 86
7 361
8 52
8 158
9 153
9 222
10 64
10 77
10 246
11 187
12 39
12 94
12 194
12 207
13 309
14 64
14 76
15 162
16 135
16 369
17 371
17 372
18 321
19 309
19 51
19 214
19 260
19 374
20 64
20 328
21 192
21 268
21 379
22 163
22 382
22 383
23 386
23 366
24 380
25 97
25 168
25 209
26 52
27 315
27 351
28 282
28 391
29 393
29 394
30 38
30 212
30 229
31 39
31 34
31 337
31 395
32 181
32 195
32 301
33 199
34 129
34 316
35 65
35 72
35 241
36 62
36 263
37 402
38 81
38 308
39 351
40 50
41 73
41 134
41 210
41 230
42 67
42 225
43 404
44 101
44 406
45 111
46 354
47 53
48 94
48 65
48 295
49 410
50 90
50 175
51 375
52 258
53 142
54 116
54 121
54 296
54 359
55 89
55 417
55 418
55 419
56 285
56 421
57 162
57 150
57 245
57 289
57 422
58 138
58 275
58 341
59 78
59 424
59 388
60 65
61 426
63 82
63 171
63 287
64 242
64 303
64 367
65 101
65 141
65 151
66 228
68 215
69 85
69 211
70 375
70 219
71 198
71 431
72 111
72 287
72 370
73 106
75 371
75 180
76 155
77 115
77 183
78 117
78 200
79 91
79 393
80 139
80 298
81 149
83 140
83 161
83 294
84 228
84 95
84 144
84 399
85 289
87 280
88 358
89 418
89 403
90 148
90 270
91 355
91 356
91 357
92 173
92 186
92 193
92 437
92 363
93 119
93 288
95 297
95 313
96 250
97 388
97 389
98 143
98 365
100 251
101 271
101 407
101 408
102 375
102 304
102 344
103 321
103 197
103 444
104 207
104 137
105 153
107 236
107 446
108 165
108 291
108 447
109 197
109 340
110 163
110 196
110 449
110 323
111 178
112 389
113 137
114 172
115 130
115 314
115 330
116 189
116 415
118 150
118 151
118 177
119 395
119 225
120 175
120 378
122 392
123 454
124 456
125 457
126 322
126 458
127 313
128 341
128 456
128 157
128 334
129 391
129 184
131 420
132 135
132 399
133 154
133 249
133 335
135 147
136 162
136 351
136 178
136 179
139 190
139 201
141 333
142 298
142 412
142 414
143 256
143 338
145 228
145 164
145 413
146 197
148 161
148 434
148 396
149 345
149 433
151 365
152 165
152 185
152 281
154 191
156 325
157 164
157 203
159 343
160 335
160 182
161 262
162 181
163 239
163 384
163 385
164 252
164 312
165 174
166 237
166 360
167 452
168 186
169 280
170 451
171 383
171 205
171 428
171 429
172 225
173 393
173 438
174 386
174 406
174 202
175 232
176 204
176 445
178 204
179 218
180 328
181 397
184 234
186 246
187 216
188 284
189 239
191 240
192 322
194 215
195 398
196 327
198 282
199 263
200 425
201 289
201 453
204 327
205 226
205 243
205 274
206 296
207 305
207 356
208 454
208 233
209 390
210 281
211 251
212 323
213 360
213 302
215 427
216 270
216 266
216 284
217 308
217 249
218 348
218 432
219 296
220 231
220 255
221 277
222 365
222 366
223 239
224 464
226 470
227 238
232 286
233 442
234 282
235 242
235 265
235 473
236 238
236 277
236 339
237 273
240 468
243 247
243 342
244 459
246 267
246 296
247 325
247 319
247 475
248 406
248 295
248 359
248 415
248 477
250 280
251 317
252 346
253 271
253 290
254 280
254 259
254 479
255 270
256 408
256 259
256 461
257 463
258 295
258 311
258 357
258 413
259 279
259 283
261 290
262 464
262 465
263 401
264 295
266 294
267 354
268 380
269 393
269 392
269 483
270 283
271 332
272 421
273 287
273 318
274 471
276 475
278 413
278 485
279 305
279 481
281 300
281 463
283 482
284 292
284 293
287 336
288 440
288 441
290 400
291 400
291 448
294 368
294 427
295 409
298 359
299 361
299 439
301 399
303 352
304 396
305 339
306 386
307 363
307 327
309 368
310 412
311 388
311 457
311 420
314 451
315 327
316 400
317 413
317 478
318 439
320 480
321 373
322 327
324 487
326 423
327 469
328 377
328 378
329 456
330 354
330 452
331 488
332 421
334 359
335 460
336 471
336 481
336 488
337 396
338 350
338 413
341 423
342 476
343 413
344 443
345 377
347 355
347 469
348 472
348 377
349 410
350 473
352 353
355 386
355 435
356 436
357 395
359 416
360 442
361 362
361 363
361 364
362 490
362 491
363 439
365 442
367 382
367 430
368 396
369 370
373 438
374 376
378 453
379 381
380 387
391 392
392 422
397 467
400 405
401 476
402 403
404 405
410 411
410 412
417 420
420 456
420 459
423 440
424 425
426 427
428 466
431 432
434 462
435 494
439 452
444 445
448 460
449 450
451 458
454 455
460 491
463 480
467 487
468 474
471 484
478 489
485 486
485 487
487 492
491 493
