0 3
0 4
0 17
0 20
0 21
0 39
0 47
0 49
0 60
0 70
0 71
0 72
0 78
0 79
0 81
0 86
0 87
0 93
0 95
0 98
1 4
1 5
1 15
1 23
1 25
1 29
1 32
1 38
1 42
1 61
1 70
1 71
1 77
1 85
1 91
1 92
1 98
1 298
2 11
2 13
2 22
2 25
2 26
2 27
2 36
2 37
2 43
2 55
2 56
2 57
2 67
2 81
2 84
2 85
2 92
3 11
3 21
3 26
3 41
3 50
3 52
3 55
3 56
3 58
3 59
3 65
3 66
3 67
3 75
3 79
3 91
3 94
3 96
4 10
4 15
4 17
4 21
4 23
4 26
4 29
4 37
4 38
4 48
4 50
4 52
4 56
4 72
4 77
4 79
4 83
4 94
4 98
5 7
5 14
5 20
5 25
5 31
5 33
5 35
5 41
5 43
5 44
5 54
5 63
5 70
5 72
5 73
5 78
5 80
5 82
5 84
5 90
5 92
5 94
5 95
5 96
5 97
6 15
6 19
6 27
6 29
6 32
6 35
6 38
6 40
6 51
6 62
6 71
6 74
6 75
6 78
6 82
6 83
6 84
6 93
6 94
6 402
7 15
7 19
7 31
7 33
7 38
7 41
7 46
7 51
7 55
7 57
7 61
7 62
7 70
7 78
7 80
7 81
7 87
7 95
8 12
8 13
8 16
8 19
8 23
8 29
8 30
8 40
8 44
8 46
8 49
8 53
8 58
8 61
8 63
8 65
8 67
8 72
8 77
8 86
8 89
8 90
8 92
8 95
8 136
8 370
9 12
9 13
9 15
9 17
9 21
9 26
9 28
9 33
9 35
9 39
9 52
9 53
9 58
9 60
9 62
9 69
9 73
9 79
9 86
9 89
9 90
9 92
9 95
9 98
9 457
10 21
10 22
10 27
10 28
10 33
10 39
10 40
10 56
10 58
10 59
10 62
10 64
10 67
10 71
10 88
10 93
10 95
10 97
10 98
10 99
11 13
11 18
11 31
11 32
11 36
11 37
11 38
11 59
11 63
11 65
11 73
11 77
11 78
11 79
11 81
11 83
11 89
11 430
11 449
12 18
12 19
12 20
12 27
12 29
12 34
12 47
12 54
12 59
12 60
12 65
12 81
12 90
12 92
12 93
12 144
13 18
13 35
13 41
13 47
13 60
13 64
13 65
13 78
13 79
13 96
13 466
14 22
14 30
14 34
14 37
14 43
14 54
14 72
14 77
14 78
14 80
14 82
14 87
14 89
14 92
14 93
14 94
14 99
15 18
15 23
15 24
15 27
15 38
15 43
15 47
15 56
15 61
15 70
15 76
15 81
15 85
15 93
15 488
16 21
16 22
16 32
16 35
16 36
16 38
16 40
16 47
16 64
16 68
16 72
16 81
16 85
17 22
17 29
17 31
17 33
17 34
17 46
17 51
17 56
17 66
17 68
17 71
17 74
17 75
17 78
17 84
17 86
17 88
17 90
17 91
17 99
17 464
18 20
18 22
18 26
18 33
18 38
18 44
18 55
18 61
18 63
18 66
18 71
18 76
18 84
18 86
18 89
18 97
18 253
19 21
19 23
19 25
19 26
19 28
19 35
19 43
19 44
19 55
19 56
19 58
19 61
19 65
19 78
19 82
19 84
19 97
19 98
19 144
20 21
20 25
20 33
20 39
20 43
20 44
20 50
20 52
20 62
20 64
20 70
20 71
20 74
20 84
20 85
20 87
20 88
20 90
20 97
20 141
20 182
21 24
21 26
21 28
21 30
21 35
21 47
21 50
21 63
21 78
21 436
22 27
22 31
22 44
22 52
22 55
22 61
22 66
22 71
22 85
22 95
22 96
22 99
22 259
23 35
23 37
23 53
23 62
23 65
23 66
23 79
23 81
23 82
23 85
23 88
23 131
24 31
24 33
24 44
24 46
24 57
24 70
24 74
24 76
24 78
25 32
25 37
25 42
25 44
25 46
25 52
25 56
25 63
25 64
25 67
25 70
25 71
25 73
25 77
25 80
25 83
25 87
25 96
25 97
25 99
25 207
26 28
26 30
26 32
26 33
26 38
26 42
26 43
26 48
26 53
26 54
26 56
26 63
26 68
26 75
26 85
26 88
26 90
26 94
26 96
26 98
26 99
27 45
27 46
27 55
27 60
27 62
27 68
27 69
27 81
27 89
27 98
27 232
27 307
27 366
27 388
27 453
28 29
28 36
28 38
28 42
28 43
28 47
28 52
28 54
28 59
28 60
28 61
28 62
28 64
28 68
28 71
28 81
28 82
28 90
28 99
28 142
29 31
29 45
29 48
29 50
29 52
29 60
29 62
29 64
29 65
29 69
29 76
29 82
29 85
29 86
29 87
29 216
30 37
30 38
30 44
30 46
30 49
30 55
30 60
30 62
30 68
30 70
30 75
30 76
30 79
30 94
30 98
31 33
31 40
31 41
31 50
31 54
31 61
31 69
31 81
31 83
31 84
31 96
32 45
32 52
32 55
32 56
32 60
32 63
32 73
32 75
32 78
32 79
32 80
32 83
32 91
32 92
32 96
32 192
33 36
33 38
33 39
33 48
33 49
33 54
33 55
33 66
33 67
33 71
33 82
33 85
33 88
33 95
33 335
33 456
34 36
34 45
34 47
34 50
34 58
34 65
34 68
34 74
34 75
34 76
34 79
34 85
34 87
34 91
34 96
34 273
35 40
35 41
35 43
35 44
35 53
35 58
35 66
35 67
35 81
35 83
35 84
35 85
35 94
35 98
36 48
36 65
36 69
36 70
36 71
36 82
36 90
36 95
36 313
37 43
37 48
37 58
37 61
37 62
37 73
37 87
37 91
38 39
38 46
38 49
38 51
38 52
38 54
38 67
38 75
38 80
38 88
38 91
38 94
38 97
38 493
39 46
39 49
39 53
39 58
39 59
39 67
39 69
39 72
39 73
39 74
39 78
39 82
39 92
39 94
40 55
40 57
40 61
40 65
40 66
40 68
40 91
40 92
40 93
40 95
41 43
41 47
41 55
41 67
41 69
41 90
41 96
41 97
41 98
41 99
42 47
42 48
42 51
42 52
42 54
42 57
42 59
42 60
42 62
42 63
42 81
42 83
42 99
42 362
43 46
43 52
43 57
43 61
43 69
43 73
43 75
43 76
43 80
43 92
43 94
44 45
44 47
44 72
44 77
44 78
44 79
44 256
45 46
45 49
45 52
45 56
45 59
45 66
45 74
45 78
45 80
45 81
45 82
45 85
45 88
45 90
45 97
45 98
46 51
46 55
46 66
46 72
46 73
46 80
46 83
46 84
46 86
46 94
46 98
47 49
47 52
47 55
47 56
47 66
47 71
47 77
47 78
47 86
47 87
47 94
47 96
47 97
47 98
47 227
48 50
48 53
48 63
48 67
48 73
48 74
48 75
48 81
48 88
48 96
49 70
49 71
49 77
49 83
49 86
49 92
49 99
49 148
50 51
50 54
50 66
50 68
50 75
50 89
50 92
51 56
51 62
51 65
51 71
51 88
51 92
51 394
51 415
51 446
52 56
52 57
52 64
52 65
52 74
52 75
52 76
52 83
52 86
52 93
52 99
53 57
53 67
53 68
53 70
53 72
53 82
53 91
53 92
53 95
54 62
54 66
54 71
54 75
54 88
54 89
54 93
54 266
55 60
55 65
55 70
55 73
55 75
55 79
55 83
55 93
55 99
56 57
56 65
56 67
56 75
56 78
56 79
56 86
56 90
56 99
56 393
56 457
57 66
57 72
57 76
57 84
57 89
57 92
57 95
57 96
58 62
58 64
58 67
58 72
58 74
58 76
58 80
58 84
58 85
58 88
58 94
58 95
58 97
58 125
58 352
59 60
59 71
59 75
59 79
59 84
59 91
60 62
60 66
60 78
60 80
60 83
60 84
60 89
60 146
60 408
61 77
61 81
61 91
61 99
61 402
62 63
62 67
62 73
62 77
62 88
62 91
63 73
63 80
63 88
63 92
63 97
63 98
64 66
64 74
64 78
64 80
64 83
64 86
64 89
64 93
64 96
64 99
65 67
65 70
65 73
65 75
65 82
65 86
65 91
65 95
65 198
66 85
66 91
66 92
66 94
66 134
67 75
67 76
67 77
67 82
67 83
67 84
67 88
67 89
68 72
68 76
68 77
68 81
68 82
68 88
68 90
68 92
68 97
68 170
68 228
68 346
69 76
69 79
69 83
69 84
69 86
69 88
69 96
69 332
70 71
70 78
70 81
70 84
70 92
70 97
70 98
71 93
72 74
72 90
72 91
72 288
73 89
73 90
73 93
73 95
73 98
73 99
73 315
74 86
74 93
74 95
75 79
75 94
75 99
75 119
75 255
75 329
76 78
76 80
76 83
76 84
76 94
76 95
76 99
76 262
76 432
77 79
77 84
77 85
77 90
77 439
78 80
78 93
78 96
79 81
79 86
79 97
79 154
80 81
80 85
80 90
80 94
80 95
80 98
80 143
81 82
81 87
81 90
81 97
81 195
82 85
82 86
82 87
82 89
82 91
82 95
82 96
82 98
83 84
83 87
83 94
83 208
84 95
84 96
85 87
85 88
85 89
85 91
85 96
86 87
87 92
87 98
88 90
88 94
88 99
89 93
89 95
89 96
89 97
89 98
90 95
90 96
91 92
91 99
91 126
92 94
92 151
92 271
92 412
93 94
93 95
93 299
93 376
93 447
94 96
94 99
94 157
94 377
97 99
98 402
100 110
100 113
100 116
100 117
100 118
100 120
100 123
100 128
100 129
100 142
100 145
100 147
100 151
100 157
100 160
100 163
100 169
100 171
100 179
100 183
100 185
100 187
100 189
100 195
101 106
101 121
101 127
101 130
101 135
101 138
101 162
101 165
101 166
101 171
101 174
101 178
101 181
101 186
101 192
101 195
101 313
101 432
102 110
102 117
102 118
102 119
102 121
102 125
102 126
102 129
102 138
102 145
102 150
102 151
102 152
102 159
102 162
102 165
102 168
102 180
102 181
102 186
102 189
102 191
102 196
102 197
102 198
102 268
103 105
103 106
103 107
103 114
103 121
103 123
103 128
103 130
103 133
103 145
103 152
103 156
103 160
103 172
103 179
103 180
103 183
103 188
103 199
103 334
104 105
104 106
104 108
104 110
104 128
104 132
104 138
104 141
104 146
104 149
104 151
104 181
104 187
104 192
104 194
104 198
104 199
105 108
105 114
105 118
105 119
105 120
105 129
105 144
105 173
105 187
105 193
105 421
106 109
106 110
106 123
106 133
106 137
106 140
106 152
106 165
106 167
106 175
106 187
106 193
107 109
107 111
107 117
107 123
107 129
107 137
107 142
107 145
107 175
107 179
107 180
107 181
107 182
107 185
107 191
108 109
108 114
108 124
108 128
108 129
108 136
108 139
108 144
108 159
108 162
108 165
108 170
108 176
108 179
108 183
108 184
108 189
108 194
109 111
109 115
109 130
109 138
109 140
109 149
109 150
109 161
109 162
109 165
109 167
109 173
109 174
109 179
109 182
109 184
109 186
109 188
109 195
109 332
110 115
110 120
110 126
110 128
110 131
110 134
110 137
110 142
110 149
110 167
110 171
110 174
110 179
110 186
110 196
110 416
111 112
111 113
111 135
111 144
111 146
111 147
111 148
111 155
111 157
111 163
111 175
111 185
111 186
111 187
111 188
111 193
111 196
111 329
111 354
112 114
112 123
112 124
112 127
112 130
112 131
112 134
112 139
112 143
112 144
112 150
112 155
112 156
112 158
112 161
112 172
112 174
112 180
112 189
112 194
112 305
112 423
112 485
113 117
113 123
113 125
113 129
113 131
113 135
113 147
113 150
113 151
113 153
113 157
113 160
113 164
113 167
113 171
113 172
113 177
113 196
113 198
113 199
113 204
113 393
114 116
114 125
114 133
114 136
114 138
114 144
114 158
114 162
114 164
114 176
114 177
114 182
114 184
114 187
114 192
114 199
115 120
115 139
115 141
115 151
115 159
115 162
115 171
115 172
115 173
115 178
115 179
115 192
115 197
116 120
116 122
116 124
116 132
116 139
116 144
116 147
116 161
116 162
116 164
116 174
116 177
116 187
116 189
116 191
116 192
116 193
116 196
116 408
117 125
117 126
117 130
117 132
117 133
117 135
117 137
117 151
117 152
117 157
117 159
117 163
117 172
117 175
117 177
117 178
117 185
117 187
117 191
117 194
117 197
117 198
118 120
118 122
118 128
118 135
118 147
118 150
118 164
118 172
118 179
118 182
118 183
118 185
118 198
118 220
118 430
119 130
119 131
119 135
119 138
119 146
119 147
119 149
119 150
119 162
119 169
119 171
119 175
119 180
119 184
119 193
119 195
120 124
120 126
120 130
120 131
120 136
120 149
120 155
120 159
120 160
120 162
120 164
120 165
120 166
120 169
120 179
120 186
120 189
120 191
120 197
120 199
120 247
120 285
121 122
121 123
121 125
121 126
121 134
121 136
121 140
121 163
121 164
121 176
121 177
121 181
121 186
121 187
121 189
121 191
121 192
121 296
121 474
122 135
122 138
122 139
122 141
122 147
122 152
122 160
122 166
122 169
122 172
122 184
122 186
122 188
122 196
122 197
122 372
123 128
123 130
123 136
123 137
123 139
123 141
123 142
123 146
123 147
123 152
123 167
123 170
123 181
123 184
123 186
123 189
123 427
124 128
124 131
124 133
124 134
124 148
124 154
124 160
124 165
124 166
124 169
124 171
124 172
124 173
124 182
124 183
124 190
124 191
124 198
124 199
125 134
125 142
125 145
125 150
125 153
125 157
125 163
125 168
125 169
125 173
125 181
125 193
125 196
125 198
126 136
126 139
126 140
126 147
126 148
126 153
126 154
126 159
126 161
126 167
126 183
126 188
126 190
126 198
126 225
126 281
127 132
127 136
127 143
127 145
127 147
127 148
127 153
127 156
127 164
127 166
127 178
127 179
127 181
127 182
127 186
127 189
127 190
127 199
127 279
127 451
128 132
128 136
128 138
128 145
128 146
128 151
128 156
128 159
128 163
128 166
128 171
128 175
128 189
128 192
129 130
129 133
129 135
129 136
129 148
129 150
129 154
129 165
129 168
129 187
129 191
129 192
129 193
129 197
130 133
130 135
130 149
130 161
130 174
130 178
130 180
130 185
130 188
130 194
130 196
130 475
130 478
131 136
131 142
131 145
131 146
131 149
131 168
131 169
131 170
131 177
131 186
131 192
131 195
131 197
131 268
131 323
131 374
132 141
132 144
132 146
132 148
132 149
132 150
132 154
132 163
132 165
132 166
132 167
132 168
132 169
132 178
132 179
132 184
132 185
132 195
132 196
132 198
133 137
133 140
133 141
133 144
133 150
133 158
133 170
133 171
133 172
133 176
133 178
133 179
133 181
133 185
133 190
133 194
134 137
134 142
134 148
134 152
134 157
134 166
134 167
134 170
134 196
134 198
134 259
135 150
135 158
135 160
135 170
135 174
135 175
135 176
135 178
135 184
135 188
135 194
135 197
136 137
136 140
136 145
136 149
136 152
136 155
136 167
136 175
136 179
136 181
136 183
136 189
136 191
136 193
136 194
136 195
137 138
137 140
137 151
137 156
137 167
137 171
137 177
137 180
137 192
137 197
137 296
138 140
138 144
138 148
138 150
138 151
138 155
138 160
138 168
138 169
138 170
138 175
138 182
138 190
138 192
138 194
138 195
139 144
139 146
139 162
139 164
139 171
139 174
139 175
139 176
139 179
139 180
139 182
139 184
139 186
139 191
139 193
139 194
139 196
140 149
140 151
140 162
140 163
140 164
140 169
140 171
140 179
140 190
140 191
140 195
140 196
140 199
141 149
141 150
141 154
141 156
141 168
141 170
141 171
141 181
141 182
141 189
141 190
141 191
142 147
142 152
142 154
142 164
142 165
142 166
142 172
142 182
142 192
142 197
142 199
143 147
143 148
143 183
143 186
143 190
143 196
144 153
144 155
144 157
144 172
144 177
144 181
144 183
145 149
145 164
145 168
145 173
145 175
145 185
145 186
145 187
145 192
145 196
145 487
146 150
146 152
146 157
146 161
146 162
146 163
146 169
146 170
146 173
146 174
146 178
146 187
146 197
147 149
147 153
147 154
147 156
147 162
147 168
147 175
147 178
147 183
147 186
147 189
147 190
148 152
148 172
148 185
148 186
148 187
148 188
148 190
148 196
148 198
149 153
149 155
149 163
149 164
149 165
149 167
149 179
149 191
149 195
150 153
150 155
150 159
150 163
150 164
150 175
150 187
150 191
150 197
150 342
151 162
151 165
151 166
151 171
151 180
151 182
151 194
151 198
151 199
152 155
152 156
152 159
152 174
152 177
152 180
152 184
152 187
152 191
152 192
153 165
153 170
153 180
153 181
153 182
153 197
153 263
153 462
154 157
154 165
154 174
154 175
154 178
154 188
154 189
154 193
155 161
155 163
155 164
155 166
155 169
155 170
155 172
155 174
155 179
155 182
155 183
155 188
155 191
155 193
156 159
156 168
156 170
156 181
156 182
156 184
156 186
156 188
156 190
156 194
156 197
157 159
157 163
157 168
157 170
157 173
157 175
157 178
157 183
157 184
157 199
158 161
158 164
158 168
158 174
158 176
158 184
158 191
158 194
158 195
158 197
158 297
159 166
159 182
159 186
159 188
159 196
159 197
160 162
160 163
160 170
160 172
160 181
160 183
160 185
160 190
160 192
160 195
160 198
161 162
161 164
161 166
161 174
161 175
161 194
161 197
162 166
162 175
162 179
162 248
162 481
163 165
163 173
163 176
163 177
163 183
163 193
163 196
163 197
163 198
164 166
164 167
164 174
164 177
164 179
164 185
164 189
164 190
164 194
164 197
165 169
165 170
165 171
165 177
165 185
165 194
166 167
166 177
166 182
166 195
167 177
167 180
167 181
167 187
167 191
167 193
168 171
168 179
168 185
168 190
168 196
169 171
169 172
169 173
169 177
169 184
169 190
169 194
169 199
170 177
170 191
170 192
170 199
171 180
171 183
171 184
171 187
171 191
171 194
172 173
172 184
172 190
172 193
172 196
172 197
172 199
172 419
173 174
173 175
173 176
173 180
173 187
173 195
173 198
174 175
174 181
174 182
174 187
174 192
174 201
175 185
175 186
175 190
175 192
175 193
175 195
175 196
175 199
176 178
176 181
176 189
176 197
177 192
177 193
177 198
177 484
178 181
178 192
178 194
178 197
178 199
179 185
179 191
180 185
180 194
181 184
181 192
181 240
182 187
182 196
182 197
182 198
183 185
183 189
183 194
183 198
184 185
184 193
184 197
185 191
185 212
185 438
186 189
186 191
186 194
186 358
187 197
187 199
187 360
188 191
188 193
188 195
189 191
189 192
189 195
189 197
189 199
189 378
189 424
190 191
190 192
190 419
190 459
191 194
191 195
191 196
192 197
192 203
192 282
192 491
193 199
193 320
195 198
200 205
200 207
200 209
200 211
200 217
200 220
200 223
200 224
200 232
200 237
200 239
200 241
200 243
200 246
200 252
200 255
200 262
200 263
200 265
200 267
200 269
200 280
200 282
200 285
200 293
200 295
201 206
201 207
201 208
201 215
201 218
201 221
201 223
201 224
201 226
201 233
201 236
201 238
201 247
201 252
201 257
201 258
201 260
201 273
201 277
201 290
201 296
201 297
201 401
201 425
202 205
202 217
202 220
202 224
202 236
202 241
202 245
202 251
202 252
202 255
202 258
202 270
202 274
202 283
202 288
202 291
202 292
202 294
202 298
202 299
202 484
203 204
203 205
203 212
203 213
203 214
203 221
203 226
203 230
203 239
203 241
203 242
203 249
203 250
203 251
203 254
203 259
203 264
203 278
203 279
203 290
204 210
204 211
204 215
204 218
204 219
204 222
204 224
204 230
204 235
204 236
204 243
204 250
204 254
204 256
204 262
204 265
204 268
204 284
204 285
204 288
204 296
205 206
205 214
205 218
205 223
205 229
205 232
205 233
205 234
205 235
205 238
205 240
205 243
205 248
205 251
205 252
205 255
205 257
205 264
205 267
205 278
205 279
205 297
205 298
206 207
206 220
206 222
206 229
206 232
206 233
206 234
206 241
206 244
206 245
206 248
206 249
206 251
206 253
206 254
206 257
206 258
206 261
206 263
206 265
206 267
206 286
206 475
207 216
207 219
207 228
207 241
207 252
207 254
207 255
207 256
207 258
207 265
207 266
207 273
207 275
207 276
207 279
207 283
207 287
207 288
207 295
207 297
207 399
208 210
208 220
208 225
208 230
208 240
208 251
208 252
208 257
208 259
208 273
208 275
208 284
208 285
208 295
208 298
209 215
209 218
209 221
209 223
209 225
209 226
209 228
209 229
209 230
209 233
209 236
209 237
209 243
209 253
209 254
209 258
209 265
209 267
209 270
209 271
209 273
209 275
209 282
209 286
209 288
209 299
209 347
210 215
210 218
210 219
210 225
210 228
210 230
210 239
210 249
210 250
210 259
210 261
210 267
210 270
210 272
210 278
210 290
210 298
210 324
211 213
211 226
211 229
211 230
211 237
211 239
211 240
211 246
211 247
211 252
211 253
211 256
211 259
211 262
211 266
211 269
211 278
211 285
211 288
211 293
211 297
211 299
212 214
212 218
212 219
212 223
212 226
212 238
212 239
212 250
212 254
212 270
212 275
212 285
212 289
212 295
212 297
212 299
213 216
213 221
213 222
213 224
213 231
213 235
213 237
213 238
213 241
213 246
213 247
213 256
213 258
213 259
213 260
213 262
213 264
213 265
213 273
213 276
213 284
213 289
214 218
214 221
214 231
214 236
214 237
214 244
214 256
214 257
214 271
214 277
214 285
214 294
215 219
215 222
215 224
215 226
215 228
215 235
215 238
215 246
215 248
215 251
215 254
215 257
215 260
215 269
215 270
215 274
215 282
215 294
216 217
216 218
216 227
216 228
216 235
216 239
216 240
216 258
216 267
216 269
216 282
216 289
216 294
216 295
216 397
217 228
217 233
217 243
217 246
217 250
217 261
217 267
217 269
217 271
217 277
217 280
217 282
217 288
217 294
217 297
217 299
218 226
218 232
218 233
218 234
218 240
218 247
218 250
218 251
218 252
218 260
218 263
218 264
218 268
218 280
218 283
218 288
218 291
219 230
219 231
219 232
219 233
219 243
219 247
219 253
219 254
219 255
219 258
219 260
219 264
219 269
219 271
219 273
219 283
219 287
219 288
219 291
219 325
219 456
220 226
220 228
220 233
220 236
220 250
220 251
220 252
220 253
220 259
220 261
220 266
220 270
220 274
220 277
220 286
220 288
220 297
221 227
221 229
221 234
221 240
221 242
221 244
221 274
221 285
221 291
222 225
222 226
222 228
222 230
222 240
222 242
222 253
222 257
222 275
222 278
222 287
222 291
222 296
222 298
223 225
223 233
223 234
223 236
223 240
223 249
223 252
223 258
223 265
223 271
223 274
223 280
223 285
223 287
223 290
223 293
223 296
223 298
224 230
224 235
224 241
224 246
224 250
224 255
224 256
224 266
224 267
224 273
224 276
224 280
224 291
224 293
224 294
224 391
225 227
225 237
225 238
225 240
225 245
225 250
225 253
225 262
225 263
225 267
225 268
225 270
225 272
225 280
225 285
225 292
226 230
226 231
226 235
226 250
226 251
226 252
226 255
226 272
226 277
226 279
226 280
226 290
226 292
226 293
227 232
227 234
227 235
227 240
227 245
227 253
227 254
227 259
227 264
227 272
227 273
227 284
227 286
227 289
227 290
227 386
228 241
228 244
228 248
228 254
228 263
228 266
228 270
228 271
228 275
228 278
228 279
228 280
228 285
228 290
228 292
228 296
228 405
229 234
229 238
229 241
229 250
229 253
229 254
229 260
229 272
229 273
229 278
229 284
229 288
229 290
229 293
229 295
229 299
229 454
230 233
230 235
230 236
230 255
230 263
230 270
230 273
230 274
230 279
230 283
230 293
230 295
231 238
231 240
231 247
231 252
231 262
231 267
231 273
231 275
231 278
231 283
231 284
231 285
231 297
232 240
232 249
232 250
232 255
232 256
232 268
232 272
232 286
232 287
232 288
232 291
232 294
232 295
233 234
233 238
233 245
233 246
233 248
233 266
233 270
233 275
233 277
233 294
234 238
234 240
234 246
234 253
234 254
234 258
234 261
234 269
234 282
234 295
234 298
235 237
235 239
235 245
235 248
235 250
235 256
235 260
235 263
235 264
235 268
235 269
235 278
235 279
235 282
235 288
235 291
235 294
235 341
236 251
236 252
236 257
236 258
236 260
236 274
236 275
236 281
236 286
236 287
236 289
236 298
236 299
237 258
237 259
237 261
237 264
237 266
237 285
237 288
237 290
238 242
238 245
238 264
238 268
238 272
238 287
238 290
238 296
238 351
239 244
239 245
239 246
239 254
239 257
239 258
239 259
239 260
239 263
239 271
239 281
239 287
239 288
239 294
239 296
239 299
240 243
240 245
240 247
240 249
240 252
240 282
240 290
240 297
240 299
241 245
241 249
241 256
241 260
241 265
241 271
241 272
241 273
241 274
241 276
241 283
241 289
241 293
241 352
242 244
242 248
242 253
242 257
242 263
242 264
242 270
242 288
242 289
242 291
242 292
242 294
242 303
243 247
243 248
243 249
243 257
243 258
243 263
243 274
243 275
243 279
243 283
243 285
243 286
243 289
244 245
244 252
244 258
244 260
244 268
244 276
244 277
244 286
244 289
244 290
244 402
245 246
245 251
245 254
245 263
245 278
245 280
245 283
245 293
245 299
246 254
246 256
246 260
246 264
246 266
246 271
246 283
246 296
246 298
247 254
247 255
247 256
247 261
247 265
247 266
247 269
247 271
247 272
247 275
247 279
247 286
247 289
247 290
247 294
247 298
248 255
248 262
248 266
248 267
248 285
248 288
248 293
248 294
248 361
249 253
249 257
249 270
249 279
249 295
250 254
250 258
250 264
250 267
250 269
250 271
250 276
250 280
250 285
250 287
250 288
251 253
251 255
251 257
251 260
251 261
251 265
251 274
251 275
251 276
251 279
251 280
251 284
251 289
251 292
251 293
251 298
251 323
252 256
252 257
252 258
252 262
252 266
252 269
252 291
252 292
252 294
253 257
253 264
253 269
253 275
253 281
253 284
253 285
253 291
253 294
253 295
253 296
254 258
254 267
254 270
254 275
254 287
254 291
254 292
255 262
255 263
255 274
255 276
255 277
255 279
255 280
255 285
255 290
255 292
255 293
255 299
256 263
256 266
256 272
256 273
256 274
256 276
256 281
256 285
256 294
256 295
256 299
256 349
257 259
257 260
257 265
257 273
257 274
257 277
257 284
257 294
258 263
258 264
258 266
258 268
258 269
258 270
258 287
258 288
258 294
258 298
259 260
259 262
259 265
259 267
259 269
259 288
259 289
259 290
259 292
259 298
259 302
260 265
260 267
260 294
261 267
261 276
261 288
261 299
261 471
262 265
262 270
262 275
262 276
262 279
262 285
262 293
262 422
263 266
263 276
263 280
263 281
263 287
263 292
264 267
264 274
264 277
264 294
264 297
264 299
264 372
264 385
265 267
265 271
265 275
265 279
265 285
265 286
265 289
265 296
265 311
266 267
266 272
266 277
266 278
266 279
266 280
266 292
266 298
266 299
266 493
267 269
267 271
267 278
267 281
267 284
267 285
267 287
267 291
267 292
267 453
268 270
268 272
268 280
268 286
268 291
268 298
269 271
269 274
269 279
269 283
269 285
269 287
269 291
269 293
269 294
270 271
270 274
270 277
270 282
270 291
270 295
271 275
271 283
271 295
271 299
272 277
272 285
272 288
272 290
272 294
272 467
273 275
273 276
273 287
273 293
273 363
274 277
274 287
274 289
274 290
274 291
274 297
275 277
275 279
275 297
275 298
276 277
276 279
276 280
276 287
277 279
277 284
277 298
277 366
277 399
278 279
278 283
278 288
278 292
278 298
278 443
279 288
279 291
279 293
279 299
280 282
280 291
280 293
280 297
281 285
281 290
281 291
282 292
282 297
282 316
283 295
283 296
283 297
283 298
284 297
285 294
286 292
288 292
288 298
289 292
289 297
290 293
290 467
292 295
292 296
292 297
293 295
293 422
295 298
295 376
297 298
297 375
299 447
300 327
300 330
300 336
300 347
300 349
300 355
300 375
300 382
300 384
300 393
301 320
301 325
301 328
301 329
301 333
301 334
301 335
301 354
301 357
301 358
301 363
301 364
301 372
301 379
301 383
301 385
301 396
301 398
301 399
302 303
302 304
302 305
302 311
302 315
302 318
302 323
302 325
302 328
302 329
302 334
302 336
302 346
302 355
302 363
302 364
302 365
302 370
302 371
302 372
302 375
302 381
302 385
302 389
302 390
303 304
303 305
303 307
303 318
303 329
303 330
303 332
303 345
303 347
303 351
303 352
303 357
303 358
303 361
303 364
303 367
303 370
303 378
303 383
303 396
303 399
304 307
304 324
304 325
304 334
304 337
304 341
304 347
304 355
304 358
304 362
304 363
304 366
304 369
304 374
304 377
304 379
304 380
304 385
304 388
304 392
304 398
305 312
305 313
305 318
305 319
305 320
305 326
305 327
305 328
305 331
305 334
305 335
305 336
305 341
305 344
305 347
305 358
305 369
305 377
305 379
305 388
305 395
305 398
305 399
306 307
306 308
306 315
306 320
306 329
306 330
306 334
306 335
306 337
306 341
306 345
306 355
306 372
306 378
306 382
306 387
307 309
307 310
307 317
307 320
307 322
307 323
307 327
307 329
307 336
307 341
307 344
307 349
307 352
307 353
307 354
307 356
307 360
307 361
307 363
307 366
307 372
307 374
307 375
307 377
307 378
307 382
307 395
307 492
308 318
308 327
308 334
308 338
308 339
308 341
308 361
308 363
308 366
308 370
308 372
308 378
308 379
308 384
308 388
308 389
308 392
308 394
308 395
309 315
309 316
309 325
309 329
309 334
309 342
309 352
309 357
309 359
309 361
309 366
309 375
309 376
309 383
309 387
309 396
309 453
310 316
310 320
310 336
310 337
310 339
310 348
310 353
310 358
310 360
310 366
310 374
310 387
310 388
310 432
311 315
311 320
311 324
311 326
311 340
311 342
311 352
311 353
311 368
311 370
311 375
311 381
311 382
311 385
311 391
311 395
312 315
312 323
312 332
312 334
312 342
312 343
312 345
312 351
312 356
312 364
312 377
312 381
312 386
312 387
312 393
312 397
313 331
313 332
313 337
313 338
313 344
313 356
313 364
313 366
313 370
313 376
313 380
313 388
313 397
313 398
313 445
314 316
314 318
314 327
314 331
314 335
314 336
314 339
314 340
314 341
314 344
314 356
314 359
314 360
314 367
314 379
314 381
314 396
315 317
315 321
315 323
315 324
315 327
315 335
315 340
315 343
315 351
315 359
315 361
315 364
315 365
315 372
315 375
315 376
315 381
315 388
315 391
315 392
315 394
315 468
316 325
316 330
316 332
316 335
316 342
316 344
316 345
316 349
316 354
316 365
316 377
316 388
316 392
316 395
317 318
317 326
317 332
317 334
317 335
317 337
317 339
317 347
317 348
317 357
317 359
317 365
317 371
317 373
317 374
317 381
317 383
317 384
318 319
318 327
318 330
318 332
318 333
318 334
318 336
318 343
318 348
318 359
318 361
318 362
318 365
318 366
318 374
318 383
318 384
318 385
318 388
318 389
318 393
319 322
319 328
319 335
319 340
319 353
319 354
319 358
319 359
319 362
319 374
319 377
319 380
319 387
319 390
319 394
319 396
319 397
319 398
319 476
320 323
320 331
320 337
320 338
320 343
320 356
320 364
320 366
320 367
320 370
320 371
320 376
320 378
320 391
320 399
320 446
321 323
321 329
321 334
321 339
321 347
321 348
321 350
321 356
321 366
321 368
321 371
321 383
321 389
321 392
321 394
321 474
322 336
322 340
322 343
322 345
322 351
322 357
322 358
322 365
322 367
322 376
322 389
322 393
323 325
323 339
323 342
323 353
323 359
323 369
323 371
323 384
323 389
323 395
324 342
324 343
324 344
324 345
324 352
324 354
324 356
324 362
324 363
324 365
324 373
324 377
324 388
324 392
324 397
324 492
325 326
325 330
325 337
325 343
325 349
325 352
325 361
325 363
325 377
325 380
325 384
325 386
325 388
325 391
325 399
326 327
326 330
326 332
326 337
326 342
326 356
326 365
326 367
326 372
326 382
326 386
326 391
326 393
326 396
327 332
327 335
327 348
327 349
327 353
327 355
327 361
327 365
327 366
327 367
327 369
327 381
327 386
327 391
327 398
328 341
328 343
328 346
328 351
328 356
328 357
328 358
328 359
328 361
328 362
328 365
328 374
328 375
328 385
328 386
328 390
328 394
329 330
329 332
329 334
329 339
329 341
329 343
329 344
329 352
329 361
329 363
329 372
329 375
329 379
329 384
329 391
329 392
329 396
330 331
330 333
330 338
330 351
330 353
330 360
330 363
330 366
330 368
330 373
330 374
330 383
330 389
330 394
330 396
330 397
330 399
331 336
331 340
331 346
331 347
331 349
331 360
331 367
331 370
331 388
332 336
332 345
332 346
332 352
332 361
332 367
332 368
332 372
332 375
332 376
332 377
332 389
332 396
332 397
333 335
333 337
333 340
333 341
333 350
333 351
333 356
333 360
333 367
333 372
333 374
333 387
333 391
333 396
333 433
334 337
334 338
334 340
334 342
334 344
334 351
334 356
334 365
334 366
334 371
334 376
334 378
334 380
334 382
334 385
334 388
334 391
334 393
334 394
334 397
335 342
335 343
335 346
335 353
335 373
335 393
335 396
335 397
336 341
336 346
336 351
336 353
336 377
336 379
336 388
336 389
336 398
336 409
337 339
337 352
337 359
337 360
337 363
337 369
337 375
337 377
337 380
337 395
337 396
338 343
338 345
338 346
338 351
338 353
338 354
338 361
338 366
338 369
338 375
338 377
338 381
338 390
338 397
339 356
339 357
339 360
339 363
339 365
339 373
339 392
339 395
339 396
339 399
340 341
340 342
340 360
340 361
340 370
340 374
340 379
340 381
340 383
340 386
340 388
340 399
341 342
341 356
341 358
341 359
341 360
341 366
341 371
341 379
341 391
341 392
341 399
342 347
342 353
342 360
342 362
342 363
342 364
342 365
342 368
342 369
342 370
342 372
342 385
342 387
343 352
343 354
343 358
343 361
343 364
343 366
343 369
343 370
343 382
343 385
343 390
343 392
344 352
344 355
344 359
344 360
344 361
344 363
344 364
344 373
344 378
344 386
344 388
344 391
344 392
344 396
345 351
345 373
345 379
345 389
345 391
345 395
346 354
346 355
346 363
346 379
346 380
346 387
346 389
346 390
346 397
347 349
347 351
347 352
347 354
347 357
347 374
347 375
347 377
347 380
347 390
347 391
347 392
347 393
347 445
348 349
348 351
348 352
348 367
348 369
348 375
348 385
348 394
348 397
349 353
349 354
349 362
349 363
349 365
349 367
349 372
349 393
350 352
350 357
350 359
350 363
350 366
350 378
350 382
350 399
351 355
351 356
351 358
351 359
351 363
351 372
351 388
351 390
351 391
351 396
352 353
352 360
352 361
352 364
352 365
352 366
352 372
352 376
352 387
352 392
352 396
352 398
353 359
353 370
353 373
353 380
353 381
353 393
353 395
354 356
354 364
354 368
354 369
354 371
354 374
354 378
354 384
354 392
354 396
354 398
354 416
355 360
355 366
355 377
355 396
355 399
356 360
356 363
356 367
356 368
356 369
356 373
356 374
356 375
356 377
356 391
356 394
356 398
357 363
357 365
357 366
357 369
357 372
357 377
357 378
357 379
357 385
357 390
357 396
357 398
358 360
358 374
358 379
358 388
358 462
359 365
359 368
359 378
359 390
359 394
360 362
360 364
360 373
360 378
360 390
360 393
360 394
360 398
361 366
361 387
361 389
361 392
361 394
362 363
362 365
362 373
362 376
362 386
362 392
362 393
362 398
362 399
362 475
363 365
363 368
363 369
363 370
363 371
363 379
363 381
363 385
363 390
364 371
364 376
364 384
364 388
364 395
364 396
364 399
365 366
365 371
365 377
365 378
365 380
365 382
365 384
365 394
365 398
365 440
366 370
366 380
366 385
366 391
366 395
366 396
366 397
367 368
367 373
367 376
367 379
367 380
367 382
367 391
367 392
367 393
367 394
367 396
368 371
368 373
368 383
368 389
368 396
369 381
369 393
370 375
370 378
370 382
370 393
370 395
370 396
371 372
371 373
371 376
371 382
371 383
371 387
371 392
371 394
371 459
372 376
372 381
372 384
372 386
372 389
372 399
373 376
373 382
373 388
373 390
374 375
374 377
374 383
374 390
374 394
374 399
375 378
375 382
375 383
375 385
375 391
375 393
375 397
376 379
376 382
376 383
376 385
376 391
377 444
378 388
378 395
378 396
378 398
379 382
379 392
379 393
379 399
380 383
380 388
380 393
380 396
380 401
381 387
381 398
381 465
382 385
382 386
382 387
382 389
382 390
382 391
382 396
382 397
383 389
383 392
383 395
384 386
384 397
385 390
385 395
386 394
386 399
388 390
388 396
388 397
389 398
389 399
391 396
391 422
392 394
393 398
394 462
394 476
396 398
396 418
398 399
400 405
400 409
400 416
400 427
400 428
400 430
400 436
400 449
400 455
400 456
400 457
400 475
400 479
400 486
400 491
400 498
401 405
401 411
401 412
401 420
401 432
401 440
401 441
401 443
401 467
401 483
401 486
401 488
401 491
402 405
402 409
402 418
402 422
402 424
402 430
402 440
402 442
402 445
402 451
402 461
402 462
402 468
402 469
402 475
402 479
402 488
402 493
402 494
402 498
402 499
403 408
403 425
403 426
403 432
403 434
403 438
403 440
403 441
403 444
403 445
403 446
403 453
403 462
403 463
403 464
403 470
403 473
403 474
403 477
403 479
403 481
403 489
403 497
403 498
404 408
404 415
404 417
404 438
404 443
404 447
404 456
404 458
404 459
404 460
404 469
404 478
404 483
405 406
405 407
405 414
405 424
405 428
405 430
405 431
405 433
405 435
405 442
405 444
405 456
405 460
405 474
405 477
405 482
405 488
405 492
405 493
405 498
406 407
406 408
406 409
406 414
406 420
406 424
406 429
406 434
406 436
406 439
406 440
406 448
406 450
406 453
406 459
406 464
406 465
406 473
406 474
406 481
406 484
406 497
406 498
407 415
407 417
407 426
407 433
407 435
407 437
407 445
407 462
407 470
407 471
407 472
407 473
407 477
407 478
407 482
407 492
407 495
407 498
407 499
408 409
408 413
408 414
408 423
408 430
408 431
408 442
408 448
408 455
408 465
408 466
408 469
408 476
408 477
408 482
408 486
408 497
409 418
409 419
409 421
409 423
409 424
409 427
409 428
409 431
409 447
409 451
409 454
409 455
409 456
409 467
409 474
409 475
409 481
409 490
409 491
409 494
410 418
410 423
410 424
410 429
410 430
410 433
410 437
410 440
410 445
410 453
410 459
410 463
410 469
410 473
410 477
410 478
410 484
410 489
410 490
410 492
410 495
411 418
411 420
411 427
411 436
411 440
411 447
411 465
411 473
411 489
411 497
411 499
412 423
412 425
412 452
412 465
412 476
412 479
412 480
412 482
412 486
412 496
412 497
412 499
413 421
413 423
413 433
413 439
413 450
413 463
413 464
413 472
413 475
413 478
413 480
413 482
413 492
413 493
414 419
414 431
414 436
414 438
414 445
414 455
414 459
414 465
414 476
414 484
414 486
414 491
414 493
415 416
415 427
415 434
415 443
415 445
415 447
415 450
415 454
415 457
415 461
415 470
415 471
415 473
415 477
415 479
415 490
415 492
416 418
416 420
416 421
416 424
416 439
416 443
416 445
416 450
416 460
416 461
416 462
416 469
416 473
416 483
416 484
416 487
416 491
416 492
416 494
416 498
417 422
417 430
417 431
417 434
417 436
417 438
417 440
417 442
417 443
417 446
417 448
417 450
417 451
417 458
417 461
417 471
417 482
417 487
417 489
417 495
417 499
418 419
418 420
418 424
418 425
418 432
418 438
418 441
418 447
418 452
418 468
418 479
418 482
418 488
418 490
419 420
419 422
419 425
419 429
419 431
419 432
419 437
419 438
419 439
419 442
419 450
419 455
419 456
419 458
419 461
419 469
419 472
419 474
419 478
419 486
419 487
419 488
419 489
419 491
419 493
419 496
420 421
420 422
420 423
420 426
420 427
420 430
420 438
420 440
420 442
420 447
420 451
420 453
420 454
420 455
420 464
420 472
420 475
420 484
420 493
421 426
421 427
421 432
421 435
421 437
421 451
421 455
421 463
421 470
421 473
421 481
421 487
421 493
422 425
422 432
422 448
422 450
422 451
422 453
422 459
422 462
422 466
422 476
422 488
422 489
422 490
422 498
423 427
423 432
423 437
423 452
423 456
423 460
423 468
423 470
423 472
423 473
423 478
423 482
423 484
423 491
423 492
423 497
424 425
424 426
424 429
424 439
424 473
424 475
424 490
425 434
425 443
425 444
425 452
425 453
425 455
425 456
425 460
425 468
425 472
425 478
425 480
425 483
425 485
425 487
425 491
425 496
425 497
426 427
426 428
426 434
426 448
426 449
426 452
426 462
426 476
426 486
426 488
426 495
426 496
426 498
427 439
427 440
427 441
427 448
427 455
427 462
427 464
427 467
427 481
427 482
427 488
427 498
427 499
428 431
428 442
428 445
428 450
428 451
428 452
428 455
428 458
428 467
428 478
428 484
428 485
428 489
428 492
428 497
428 498
429 436
429 437
429 442
429 445
429 448
429 455
429 464
429 475
429 477
429 484
429 486
429 488
429 492
429 495
429 496
429 497
429 498
430 433
430 440
430 445
430 457
430 469
430 474
430 477
430 478
430 479
430 481
430 482
430 484
430 493
430 495
431 433
431 437
431 441
431 446
431 447
431 451
431 453
431 456
431 462
431 471
431 480
431 485
431 487
431 494
431 499
432 433
432 437
432 438
432 445
432 455
432 461
432 463
432 466
432 471
432 484
432 487
432 489
432 497
432 499
433 436
433 441
433 444
433 449
433 454
433 462
433 464
433 466
433 473
433 474
433 485
433 486
433 488
433 497
433 499
434 437
434 438
434 439
434 441
434 443
434 447
434 466
434 471
434 480
434 496
434 497
435 436
435 440
435 447
435 451
435 455
435 476
435 480
435 482
435 486
435 491
436 443
436 451
436 459
436 461
436 468
436 469
436 482
436 489
436 490
436 491
437 440
437 448
437 459
437 465
437 474
437 477
437 479
437 480
437 483
437 491
438 439
438 441
438 454
438 468
438 469
438 494
438 496
438 498
439 443
439 447
439 460
439 462
439 474
439 475
439 479
439 490
439 495
439 497
439 498
440 446
440 455
440 458
440 463
440 475
440 478
440 481
440 482
440 492
441 444
441 447
441 450
441 451
441 456
441 459
441 469
441 475
441 491
441 496
442 443
442 450
442 451
442 455
442 458
442 460
442 462
442 464
442 472
442 481
442 482
442 483
442 488
442 489
442 491
442 495
443 450
443 451
443 455
443 459
443 461
443 465
443 484
443 490
444 448
444 450
444 453
444 455
444 456
444 463
444 475
444 476
444 479
444 485
444 489
444 490
444 496
444 497
444 499
445 450
445 456
445 458
445 459
445 461
445 469
445 470
445 471
445 473
445 476
445 494
445 495
445 496
445 499
446 455
446 457
446 462
446 465
446 469
446 479
446 481
446 485
446 496
446 498
446 499
447 454
447 467
447 470
447 476
447 477
447 482
447 487
447 494
448 449
448 450
448 451
448 457
448 458
448 460
448 463
448 474
448 481
448 483
448 484
448 488
449 450
449 454
449 465
449 473
449 479
449 480
449 488
449 489
449 494
450 452
450 471
450 481
450 483
450 486
451 454
451 457
451 464
451 467
451 470
451 483
451 485
451 492
451 496
452 465
452 469
452 472
452 484
452 489
452 492
452 497
453 455
453 462
453 463
453 465
453 466
453 467
453 471
453 473
453 479
453 483
453 487
453 490
453 493
454 456
454 474
454 475
454 481
454 482
454 491
454 499
455 457
455 469
455 478
455 481
455 482
455 490
455 494
455 496
455 498
456 460
456 464
456 465
456 467
456 470
456 471
456 477
456 487
456 498
457 461
457 462
457 469
457 485
457 487
457 490
457 492
457 497
458 469
458 473
458 475
458 480
458 481
459 461
459 463
459 466
459 469
459 473
459 474
459 495
459 498
460 466
460 484
460 492
460 498
461 463
461 479
461 481
461 482
461 486
461 491
461 499
462 470
462 471
462 484
462 486
462 490
462 493
462 494
462 496
463 465
463 472
463 473
463 474
463 481
463 483
463 490
463 492
463 499
464 465
464 467
464 470
464 474
464 475
464 490
464 497
465 466
465 472
465 483
465 490
466 472
466 476
466 490
466 499
467 468
467 469
467 480
467 483
467 485
467 496
467 497
467 498
468 470
468 477
468 481
468 490
468 493
468 496
468 497
468 499
469 473
469 474
469 476
469 479
469 485
469 492
469 494
469 495
469 497
470 480
470 483
470 494
470 497
470 498
471 474
471 482
471 485
471 490
471 493
471 494
471 499
472 487
473 480
473 481
473 483
473 485
473 488
473 493
473 494
473 495
473 499
474 487
474 491
474 494
474 498
475 478
475 481
475 482
475 483
475 484
475 487
475 491
475 498
475 499
476 480
476 488
476 490
476 492
476 495
476 498
476 499
477 487
477 490
478 488
478 491
478 495
479 483
479 484
479 486
479 493
479 494
479 496
480 482
480 483
480 486
480 488
480 492
480 493
480 495
481 483
481 486
481 487
481 492
481 493
482 485
482 487
482 489
482 495
482 496
482 497
483 485
483 491
483 492
483 495
483 498
484 485
484 492
484 493
484 498
485 486
485 487
485 496
485 497
486 499
487 495
488 493
488 497
489 490
489 492
490 491
490 496
490 499
491 497
491 498
491 499
494 495
494 498
495 496
496 497
