0 39
0 171
1 6
1 18
1 251
2 23
2 48
3 77
4 61
5 28
5 137
5 149
5 199
6 43
7 170
8 30
8 35
9 55
9 116
9 179
10 227
11 23
11 28
11 227
11 220
12 281
13 171
13 221
14 25
14 70
14 278
15 27
15 38
15 315
16 27
16 229
16 241
17 41
18 68
18 185
18 275
18 292
19 28
19 186
20 331
21 59
22 39
22 70
22 288
22 362
23 74
23 201
24 94
25 332
26 219
27 43
27 62
27 125
28 44
28 55
28 187
29 58
30 42
30 68
30 207
31 69
31 129
31 180
32 93
32 267
32 358
33 72
34 239
35 177
35 261
35 283
35 287
36 43
36 185
36 76
36 85
36 97
36 99
37 162
38 62
40 63
40 355
41 51
42 58
42 71
42 126
42 130
42 189
44 288
44 236
45 297
46 66
46 385
47 194
47 343
48 62
49 239
49 64
50 96
51 164
52 311
53 256
54 66
54 197
54 380
56 69
57 264
58 138
59 206
60 61
60 202
60 276
61 63
61 168
63 346
64 280
64 314
65 113
67 326
68 249
68 344
70 236
71 369
72 156
73 323
75 116
75 81
77 115
78 99
78 101
78 105
79 121
80 309
81 119
81 203
81 211
82 236
82 102
82 155
82 341
83 101
84 115
84 104
86 116
86 259
86 364
87 126
88 198
89 123
89 141
90 142
90 165
91 94
91 98
91 106
92 103
93 272
94 106
94 169
95 127
95 284
96 220
96 152
97 107
97 210
97 212
98 132
100 108
101 139
103 121
103 108
104 122
104 242
105 207
105 136
105 240
106 142
107 142
107 114
107 336
108 219
108 282
109 250
109 277
110 283
111 145
112 126
112 118
112 329
113 279
114 129
114 317
115 132
116 133
116 304
117 322
119 123
119 127
120 142
122 339
122 386
123 261
124 139
125 128
126 168
127 293
129 321
129 335
131 137
131 233
134 169
134 305
135 163
138 142
138 218
138 268
140 305
142 334
142 383
143 165
144 171
144 191
144 205
145 247
145 387
146 189
147 164
147 270
148 185
148 385
148 150
149 178
149 249
150 283
151 205
151 175
153 264
153 182
154 268
155 181
155 204
156 157
156 274
157 203
157 172
158 164
158 161
159 191
159 193
160 163
161 339
161 200
162 167
163 214
165 206
165 198
165 196
166 275
166 197
166 211
167 168
168 201
169 197
169 204
170 182
170 255
171 172
171 189
172 179
173 184
174 208
175 227
175 383
176 324
179 193
179 209
183 379
184 200
184 195
184 363
185 302
185 340
186 271
188 326
188 191
188 289
190 280
192 194
192 298
194 212
194 213
194 308
194 364
195 207
201 332
204 205
206 220
208 364
211 250
214 216
215 219
215 243
216 281
216 234
216 235
217 230
219 315
219 286
220 281
221 248
222 355
222 357
223 284
223 254
224 226
224 273
225 324
226 227
227 247
228 247
229 251
230 254
231 277
232 241
236 237
236 238
237 288
237 259
237 274
237 265
237 360
238 242
238 363
239 281
239 243
239 252
239 262
240 282
241 245
241 269
244 280
246 284
247 257
249 276
252 277
252 260
253 288
255 283
255 287
255 371
255 382
256 299
258 266
258 327
259 267
259 353
260 278
263 301
264 379
265 267
270 286
270 298
279 283
281 285
282 342
289 331
289 311
289 314
289 317
289 339
289 379
289 290
289 308
289 312
289 327
289 330
289 360
289 361
289 367
289 376
289 378
289 384
289 388
290 362
290 297
290 311
290 364
290 386
290 379
290 299
290 342
290 306
290 310
290 320
290 330
290 337
290 351
290 374
291 315
291 292
291 385
291 343
291 344
291 309
291 317
291 304
291 293
291 335
291 305
291 324
291 298
291 360
291 312
291 351
291 303
291 313
291 333
291 338
291 349
291 366
291 381
292 315
292 299
292 305
292 308
292 311
292 314
292 321
292 330
292 343
292 344
292 346
292 349
292 353
292 355
292 358
292 360
292 367
292 371
292 372
292 374
292 380
292 383
292 386
293 380
293 329
293 301
293 308
293 321
293 334
293 335
293 353
293 361
293 372
293 374
293 375
293 376
293 377
293 378
294 362
294 385
294 344
294 322
294 335
294 334
294 382
294 367
294 303
294 375
294 300
295 385
295 369
295 341
295 386
295 324
295 340
295 298
295 299
295 353
295 330
295 375
295 307
295 316
295 318
295 354
295 370
295 373
296 355
296 311
296 336
296 304
296 322
296 386
296 335
296 387
296 340
296 298
296 382
296 301
296 367
296 376
296 306
296 337
296 303
296 313
296 372
296 377
296 359
297 358
297 301
297 302
297 311
297 314
297 318
297 321
297 327
297 336
297 344
297 350
297 357
297 360
297 363
297 367
297 373
297 378
298 331
298 385
298 346
298 314
298 344
298 304
298 302
298 338
298 342
298 351
298 356
298 357
298 365
298 370
298 374
298 384
298 388
299 332
299 344
299 364
299 387
299 324
299 360
299 371
299 306
299 310
299 319
299 325
299 349
299 354
299 361
299 367
299 373
299 374
299 381
300 331
300 332
300 343
300 341
300 364
300 322
300 386
300 321
300 335
300 305
300 363
300 342
300 367
300 310
300 337
300 349
300 366
300 377
301 358
301 355
301 326
301 364
301 305
301 383
301 302
301 371
301 327
301 353
301 313
301 333
301 347
301 361
301 374
301 375
302 355
302 385
302 343
302 311
302 369
302 336
302 329
302 322
302 334
302 307
302 312
302 325
302 327
302 349
302 351
302 352
302 353
302 357
302 359
302 360
302 366
302 368
302 374
302 378
303 311
303 323
303 317
303 322
303 335
303 360
303 371
303 353
303 376
303 378
303 320
303 319
303 328
303 365
303 368
304 315
304 343
304 311
304 326
304 344
304 305
304 308
304 312
304 320
304 325
304 345
304 349
304 353
304 354
304 368
304 371
304 372
304 376
305 343
305 346
305 364
305 312
305 334
305 347
305 351
305 353
305 360
305 361
305 370
305 384
306 346
306 336
306 387
306 324
306 379
306 308
306 360
306 327
306 353
306 378
306 337
306 338
306 349
306 354
306 372
306 373
307 331
307 358
307 311
307 344
307 309
307 322
307 387
307 324
307 308
307 360
307 361
307 375
307 325
307 328
307 352
307 365
308 358
308 311
308 346
308 369
308 309
308 341
308 364
308 387
308 345
308 347
308 350
308 351
308 368
308 372
308 373
308 374
308 377
309 380
309 310
309 313
309 333
309 339
309 341
309 342
309 348
309 361
309 366
309 373
310 343
310 380
310 344
310 364
310 336
310 322
310 387
310 324
310 340
310 371
310 320
310 328
310 333
310 350
310 351
310 352
310 373
310 381
311 362
311 355
311 385
311 312
311 317
311 321
311 324
311 339
311 341
311 342
311 347
311 349
311 350
311 361
311 363
311 364
311 365
311 373
311 379
311 380
311 383
311 384
311 387
311 388
312 331
312 382
312 353
312 313
312 338
312 345
312 350
312 352
312 359
312 375
313 358
313 343
313 341
313 364
313 336
313 335
313 379
313 357
313 327
313 376
313 384
313 318
313 359
314 355
314 380
314 316
314 321
314 322
314 326
314 327
314 329
314 330
314 333
314 347
314 348
314 349
314 351
314 357
314 364
314 366
314 369
314 374
314 386
314 387
315 316
315 321
315 328
315 329
315 348
315 350
315 354
315 355
315 365
315 373
315 375
315 377
315 378
315 380
316 343
316 346
316 323
316 341
316 321
316 357
316 382
316 327
316 353
316 342
316 361
316 374
316 338
316 381
316 372
316 375
316 325
316 345
316 348
317 355
317 385
317 369
317 323
317 336
317 318
317 324
317 333
317 335
317 338
317 366
317 368
317 373
317 378
317 381
318 331
318 380
318 346
318 341
318 329
318 371
318 382
318 342
318 367
318 320
318 351
318 377
318 328
318 347
318 370
319 332
319 358
319 385
319 334
319 383
319 363
319 382
319 333
319 375
319 373
319 359
319 365
319 348
319 352
320 358
320 346
320 323
320 335
320 324
320 379
320 340
320 357
320 327
320 378
320 348
320 354
320 370
321 346
321 323
321 364
321 322
321 333
321 345
321 347
321 348
321 356
321 366
321 382
322 385
322 323
322 327
322 337
322 342
322 347
322 349
322 361
322 375
323 332
323 344
323 328
323 335
323 339
323 372
323 377
323 381
323 386
324 362
324 341
324 364
324 386
324 333
324 338
324 345
324 350
324 357
324 359
324 363
324 379
325 358
325 355
325 346
325 329
325 339
325 335
325 371
325 382
325 353
325 330
325 381
325 350
325 347
325 352
325 368
326 332
326 333
326 339
326 341
326 353
326 354
326 361
326 365
326 377
326 382
326 386
327 364
327 329
327 335
327 334
327 379
327 351
327 353
327 365
327 372
328 332
328 355
328 346
328 344
328 369
328 334
328 379
328 376
328 384
328 388
328 374
328 373
328 356
328 365
328 348
329 343
329 339
329 340
329 345
329 356
329 360
329 361
329 363
329 366
329 374
330 358
330 343
330 346
330 353
330 337
330 338
330 348
330 351
330 354
330 361
330 365
331 335
331 338
331 352
331 353
331 357
331 363
331 375
331 387
332 337
332 340
332 366
332 369
332 372
332 374
332 380
332 381
333 380
333 344
333 336
333 386
333 335
333 334
333 387
333 371
333 361
333 347
333 352
333 372
333 375
334 362
334 343
334 380
334 336
334 339
334 338
334 340
334 342
334 345
334 347
334 349
334 351
334 361
334 370
334 377
334 378
334 388
335 358
335 355
335 344
335 348
335 349
335 352
335 354
335 357
335 363
335 376
335 377
335 379
336 385
336 346
336 369
336 337
336 340
336 361
336 381
337 358
337 355
337 364
337 384
337 388
337 351
337 365
337 370
337 374
337 375
338 362
338 355
338 387
338 363
338 367
338 378
338 347
338 352
338 366
338 370
338 373
339 380
339 347
339 348
339 350
339 352
339 360
339 361
339 363
339 365
339 371
339 372
339 373
339 378
339 381
339 386
339 387
340 362
340 380
340 369
340 386
340 365
340 372
340 374
340 376
341 380
341 361
341 364
341 375
341 379
341 386
342 355
342 385
342 380
342 369
342 379
342 360
342 345
342 349
342 352
342 359
342 367
342 372
342 378
342 388
343 355
343 351
343 359
343 363
343 364
343 372
344 362
344 345
344 347
344 350
344 357
344 363
344 369
344 377
344 378
344 381
344 384
344 388
345 358
345 385
345 346
345 369
345 379
345 382
345 367
345 376
345 351
345 350
345 356
345 365
345 347
345 352
345 368
346 385
346 347
346 353
346 357
346 361
346 363
346 365
346 368
346 377
346 383
346 387
347 386
347 360
347 353
347 351
347 377
347 350
347 368
348 355
348 380
348 364
348 357
348 367
349 385
349 383
349 363
349 357
349 360
349 371
349 382
349 350
349 356
349 368
349 370
349 375
350 355
350 360
350 361
350 376
350 366
350 373
351 385
351 364
351 384
351 388
351 381
352 380
352 386
352 379
353 369
353 387
353 357
353 360
353 356
353 370
354 355
354 380
354 357
354 360
354 367
354 372
354 356
355 356
355 377
355 382
355 384
356 380
356 387
356 376
356 372
356 370
357 386
357 367
357 370
357 371
357 376
357 382
358 361
358 370
358 377
359 362
359 369
359 371
359 382
359 361
359 384
359 388
360 362
360 385
360 386
360 383
360 363
360 361
360 370
360 371
360 376
361 387
361 366
362 368
362 370
362 371
362 374
362 375
362 381
362 384
362 387
362 388
363 386
363 383
363 368
364 367
364 368
364 375
364 376
364 377
364 379
364 381
364 384
364 387
365 379
365 371
365 374
365 372
365 375
366 385
366 384
366 372
367 387
367 371
367 370
367 377
368 385
368 379
368 371
368 384
368 375
368 377
368 373
369 380
369 371
369 374
369 377
369 382
369 383
369 386
370 374
370 373
371 385
371 379
371 388
372 388
372 374
372 381
372 377
373 388
373 375
374 383
374 379
375 382
376 380
376 383
377 385
377 380
377 383
378 383
379 386
379 381
379 382
380 383
380 384
380 386
381 382
382 386
382 387
384 387
384 388
