0 575
0 1722
0 2400
1 2
1 592
1 593
2 296
2 1334
2 1531
2 1846
3 929
3 1151
3 1623
3 2026
3 2027
4 1497
4 1524
4 2369
5 336
5 951
5 1298
5 1471
6 237
6 249
6 1856
7 656
7 2426
8 431
8 2368
9 1521
9 1699
10 1563
10 1672
11 138
11 1894
11 1934
11 1936
11 2460
12 995
12 998
12 1165
12 2209
13 888
13 1500
13 2278
13 2441
14 20
14 853
14 1206
14 1207
14 1999
15 121
15 1434
15 1648
15 1941
15 2004
16 1799
17 977
17 2112
17 2113
17 2216
17 2217
18 952
18 2153
19 33
19 1130
19 1564
19 1565
19 2082
20 176
20 542
20 1504
20 1563
20 1998
20 2000
21 1193
21 1232
21 1871
21 2160
22 550
22 1672
22 2202
22 2396
23 1551
24 882
24 2444
25 633
25 671
25 1245
25 1298
25 2015
25 2185
26 247
26 471
26 1710
26 1833
27 253
27 533
27 634
27 838
27 958
27 1900
27 1978
27 1979
27 1980
28 1245
29 823
29 1189
29 1773
30 1049
30 1382
30 1427
30 1508
30 1643
30 1953
30 1965
30 1966
31 53
31 1090
31 2267
32 387
32 790
32 791
32 1063
33 1237
33 1399
33 1409
33 1502
33 1825
33 2199
34 460
34 794
34 1251
35 153
35 540
35 584
35 1774
36 77
36 1258
37 132
37 882
37 1407
37 1519
37 2241
37 2242
38 666
38 1117
38 1846
38 2146
38 2459
38 2460
39 1473
39 2208
40 143
40 1452
41 542
41 648
41 943
41 1527
41 1531
41 1901
41 2055
41 2056
41 2302
42 1531
42 1894
43 1321
44 414
44 645
44 1276
44 2062
44 2063
44 2064
45 1042
45 1347
45 1913
45 2025
45 2033
46 1008
46 1245
46 1601
47 361
47 700
48 53
48 184
48 287
48 591
48 704
48 717
48 745
48 984
48 1059
48 1843
48 1880
48 1881
49 371
49 404
49 1484
49 1709
50 2258
51 1577
52 93
52 528
52 553
52 558
52 972
52 1180
52 1245
52 1495
52 1587
52 2450
53 1404
54 985
54 1201
54 1298
54 2015
54 2155
55 439
56 1212
57 1108
57 1599
57 2428
58 210
58 493
58 562
58 704
58 1059
58 1186
58 1496
58 1881
58 2258
58 2259
59 250
59 490
59 2434
60 351
60 1245
60 1846
61 548
61 926
61 1239
61 1774
61 1780
61 1786
61 2040
62 398
62 2035
63 181
63 1846
63 2477
64 1008
64 1245
65 406
65 507
65 727
65 804
65 945
65 1039
65 1089
65 1112
65 1245
65 1585
65 1607
65 1613
66 494
66 532
66 951
66 1021
66 1298
66 1394
66 1912
66 2013
66 2259
67 78
67 1878
67 2029
68 598
68 1665
69 1117
69 1217
69 1300
70 547
70 1956
71 226
71 1020
71 1909
72 311
72 381
72 479
72 2031
73 1041
73 1502
74 1397
74 2399
75 970
75 2314
75 2315
76 387
76 1224
76 1894
76 2138
77 770
77 2017
78 112
78 142
78 265
78 374
78 451
78 632
78 670
78 676
78 745
78 769
78 779
78 1075
78 1181
78 1201
78 1277
78 1373
78 1404
78 1523
78 1541
78 1575
78 1594
78 1603
78 1707
78 1742
78 1768
78 1870
78 1871
78 1872
78 1873
78 1874
78 1875
78 1876
78 1877
78 2029
78 2236
79 227
79 812
79 992
79 999
79 1060
79 1284
79 1407
79 1457
79 1519
79 2294
80 135
80 136
80 747
80 1245
81 294
81 954
81 1861
81 1981
81 1982
81 2222
82 499
82 872
82 1374
82 2009
83 171
83 532
83 613
83 666
83 858
83 1515
83 1826
83 2106
83 2197
83 2199
83 2317
84 298
84 413
84 629
84 667
84 669
84 789
84 1195
84 1412
84 1453
84 1471
84 1496
84 1698
84 1914
84 1933
84 2032
84 2033
84 2034
84 2047
84 2049
84 2050
84 2051
85 2066
86 600
86 1241
87 1398
88 1471
88 1916
89 249
89 1245
89 1461
90 95
90 1146
90 1328
90 1435
90 1491
90 1731
90 1738
90 2099
91 121
91 271
91 438
91 552
91 1637
91 1652
92 361
92 792
92 970
92 2059
93 1583
93 2307
93 2450
94 491
94 889
94 1016
94 1516
95 107
95 115
95 133
95 154
95 207
95 255
95 271
95 282
95 384
95 416
95 472
95 511
95 554
95 953
95 1225
95 1234
95 1492
95 1526
95 1631
95 1634
95 1641
95 1647
95 1649
95 1651
95 1667
95 1858
95 1905
95 1951
95 1952
95 1953
95 1954
96 515
96 1064
96 1157
96 1469
96 2122
97 691
97 1071
97 1245
97 1624
97 2319
97 2442
98 271
98 441
98 1491
98 1939
99 490
99 680
99 1744
100 554
100 2131
100 2333
101 891
102 981
102 1379
103 224
103 349
103 403
103 411
103 503
103 529
103 770
103 941
103 1231
103 1384
103 1415
103 1484
103 1554
103 1711
103 1870
103 1890
103 1971
103 2018
103 2019
104 342
104 586
104 1414
104 1424
104 1761
104 1819
105 437
105 467
105 746
105 1702
105 2247
106 534
106 732
106 897
106 1061
106 1770
106 2095
106 2096
107 271
107 1254
107 1490
107 2309
108 415
108 2205
109 207
109 271
109 1426
109 1491
109 1905
109 1938
110 204
110 333
110 352
110 2113
111 398
111 636
112 1842
112 1877
113 762
113 2022
114 342
114 433
114 831
114 935
114 1819
115 359
115 409
115 1491
115 1535
115 1639
115 1646
115 1905
115 1941
116 365
117 119
117 1954
117 2003
118 760
119 2003
119 2172
119 2331
120 207
120 271
120 1638
121 271
121 599
121 837
121 1491
121 1642
121 1905
122 530
122 566
123 673
123 916
123 1894
124 413
124 477
124 1496
124 1909
124 2032
125 280
125 542
125 1563
126 825
126 1348
126 1767
126 1787
126 1918
127 1396
127 1836
128 341
128 343
128 546
128 648
128 2345
129 985
129 1298
129 1521
129 1885
130 274
130 841
130 1802
131 1846
131 2080
131 2082
131 2178
132 812
132 2082
132 2084
133 207
133 271
133 416
133 1491
133 1905
134 290
134 328
134 749
134 1133
134 1227
134 1245
134 1324
134 1441
134 1614
134 1615
134 1616
134 2352
135 136
135 747
135 1245
135 1553
135 1598
135 1625
136 747
136 1245
136 1553
136 1625
137 542
137 1563
137 1730
137 2320
138 158
138 1563
138 1894
139 158
139 2151
140 245
140 502
140 676
140 678
140 1846
140 1860
140 1869
141 770
141 1870
142 287
142 1075
142 1162
142 1532
144 184
144 185
145 542
145 1353
145 2483
145 2484
146 239
146 2429
147 1854
147 2483
148 972
148 1245
149 707
149 720
149 1423
150 211
150 465
150 689
150 1555
150 2038
151 624
151 944
151 1245
151 1458
152 571
152 1245
152 1604
152 2177
153 540
153 875
153 1774
153 1994
153 2066
153 2230
154 202
154 891
155 659
155 1507
155 2469
155 2472
156 761
157 173
157 202
157 1846
158 707
158 720
158 721
158 933
158 1669
158 1864
158 1897
158 1935
159 926
159 1246
159 1344
159 1547
160 161
160 912
161 912
161 1697
162 262
162 1863
163 1126
163 1209
163 1413
163 1537
163 2398
163 2482
164 1071
164 1589
165 512
165 977
165 1157
165 1386
166 445
166 1994
167 344
167 552
167 1541
167 1653
167 1858
167 2227
168 2303
169 398
169 415
170 429
170 957
170 1331
170 2386
170 2445
171 2264
172 387
172 399
172 1981
173 202
173 2252
174 1150
175 379
175 1729
176 262
176 518
176 542
176 1563
176 1846
176 2269
177 317
177 1074
177 1145
177 1233
178 782
178 785
178 882
178 1018
178 1729
179 374
180 1563
180 1729
181 2477
182 761
183 2471
184 984
184 1482
184 1494
184 1536
184 1765
184 1766
184 1767
184 2152
185 320
185 1277
185 1768
185 1769
186 1183
187 2044
188 1563
188 1846
188 1905
189 1418
189 1563
190 214
190 2304
190 2305
191 436
191 666
191 712
191 722
191 933
191 1236
191 1266
191 1935
191 1950
191 1978
191 2410
192 460
192 1295
192 1418
193 339
193 747
193 840
194 747
195 677
195 1057
195 1623
196 1672
196 1894
197 1563
198 486
198 811
199 286
199 776
199 1245
199 1583
199 1731
200 960
200 1288
200 1754
200 1977
201 498
201 525
201 1000
201 1115
201 1672
202 203
202 348
202 500
202 1563
202 1728
202 2066
203 797
203 1563
203 1724
203 1846
205 554
205 2407
206 1563
207 271
207 977
207 1445
207 1905
207 1906
207 1937
207 1938
208 2363
209 1690
210 562
210 815
210 837
210 974
210 1118
210 1168
210 1261
210 1621
210 1769
210 1881
210 2033
210 2258
211 465
211 689
211 1352
211 1555
212 1321
213 247
213 766
213 1034
213 2123
214 429
214 2305
214 2446
214 2447
215 513
215 977
215 1245
215 1479
216 713
216 1065
217 860
217 1245
217 1551
217 2342
218 1158
218 1408
218 1824
219 564
219 1744
219 1838
220 222
220 460
220 742
220 1192
220 1295
220 1418
220 1793
221 646
221 891
221 1833
221 2312
222 460
222 1295
223 460
223 1109
224 1160
224 1231
224 1971
225 689
226 883
226 1272
226 2031
227 882
227 999
227 1056
227 1135
227 1284
227 2444
228 329
229 801
229 1358
229 1563
229 1754
230 1239
230 1344
231 328
231 665
231 1008
232 428
232 772
232 1688
232 1762
233 1321
234 526
234 739
234 2071
234 2073
235 608
235 1860
235 2215
236 1602
236 2285
237 285
237 377
237 2367
237 2374
238 247
238 766
238 1095
238 1113
238 2123
239 579
239 1830
239 2229
239 2325
240 1872
241 337
241 774
242 681
242 682
243 735
243 1827
244 1343
244 1558
244 1992
245 502
245 632
245 891
245 1729
246 1085
247 269
247 455
247 604
247 766
247 1095
247 2018
247 2123
247 2186
247 2263
248 1412
248 2013
249 679
249 915
249 1235
249 1266
249 2088
249 2091
250 680
251 1433
251 2094
252 455
252 1859
253 399
253 634
254 561
255 1245
255 1584
256 292
256 515
256 624
256 1627
256 2201
257 1555
258 1898
259 271
259 1907
260 1077
260 1078
261 665
261 2475
262 542
262 826
262 1418
263 551
263 1000
263 1215
264 1363
264 2225
264 2228
264 2229
264 2325
265 374
265 576
266 1071
266 2319
267 271
267 314
267 653
267 1061
267 1148
268 653
268 1535
268 2002
269 1073
269 1717
269 2263
270 1298
270 1787
271 272
271 293
271 314
271 376
271 384
271 409
271 431
271 441
271 472
271 492
271 503
271 521
271 529
271 552
271 594
271 595
271 653
271 815
271 837
271 878
271 891
271 922
271 953
271 977
271 1061
271 1093
271 1140
271 1146
271 1234
271 1254
271 1362
271 1369
271 1426
271 1445
271 1456
271 1508
271 1517
271 1522
271 1567
271 1632
271 1633
271 1634
271 1637
271 1641
271 1643
271 1644
271 1649
271 1659
271 1660
271 1661
271 1664
271 1666
271 1667
271 1716
271 1905
271 1906
271 1908
271 1937
271 1939
271 1943
271 1944
271 1945
271 1946
271 1947
271 1948
271 1949
271 1950
272 314
272 1148
272 1535
272 1905
273 345
273 2111
273 2148
274 316
274 803
274 820
274 906
274 1136
274 1166
274 1219
274 1454
274 1677
274 1804
274 1805
274 1806
274 1807
274 1808
274 1809
274 1810
275 307
275 627
275 1035
275 1725
276 1479
276 1584
276 1602
277 2139
278 1491
278 1860
279 367
279 381
279 1471
279 1781
279 2076
280 542
280 699
280 773
280 846
280 978
280 1190
280 1683
280 1728
280 1864
281 1492
281 1647
282 511
282 1563
282 1905
283 1105
284 312
284 1467
285 988
285 1330
287 451
287 1880
287 1882
288 756
288 2014
288 2044
289 717
289 1708
290 1245
290 1616
291 854
291 1215
291 1856
291 1922
291 1923
292 873
292 1145
293 1660
293 2414
294 1382
294 1982
295 1404
295 2310
296 603
296 1863
296 1981
296 2427
297 1245
297 1557
298 629
298 926
299 1563
299 1846
300 1804
300 1810
301 1112
301 1245
301 1377
301 1638
302 1295
302 1418
302 1794
303 743
304 531
304 2294
305 556
305 1245
305 1273
305 1421
305 1905
306 977
306 1389
307 1563
308 350
308 398
308 600
308 782
308 2166
309 761
310 914
310 1245
311 367
311 381
311 477
312 1511
312 2092
312 2094
313 378
313 421
313 2267
314 365
314 595
314 1491
314 1508
314 1637
314 1640
314 1644
314 1943
314 1944
314 1948
314 1949
315 1672
316 1187
316 1804
317 1074
317 1233
317 2334
318 598
318 1665
318 2287
319 1533
320 451
320 1154
320 1878
320 1975
321 596
321 1057
321 1245
321 2451
322 2441
323 350
323 1362
323 1488
324 1291
324 1686
325 2471
326 1826
327 917
328 665
328 749
328 888
328 1198
328 1245
328 1475
328 1500
328 1618
328 2441
329 2300
330 502
330 678
330 1455
330 1846
331 1942
331 2285
332 386
332 911
332 1094
332 1253
332 1420
332 2093
332 2235
333 1290
333 1296
333 1297
333 2112
334 654
334 1242
334 1296
334 1297
334 1321
334 1428
334 2217
335 568
335 1572
335 1696
335 2219
336 937
336 951
337 372
337 774
337 1006
337 2005
337 2006
337 2008
338 882
338 2243
338 2270
338 2271
339 610
339 1455
340 615
340 666
340 1159
340 2134
341 546
342 831
342 935
342 1758
342 1819
343 2345
343 2362
344 1103
344 1894
345 666
345 1566
345 2111
346 1491
346 1492
347 1973
347 1974
347 1976
348 472
348 2042
349 1759
349 2324
350 639
350 832
350 982
350 1362
350 1605
350 2284
351 447
351 1846
351 2207
352 654
352 1297
352 1487
352 1687
352 2112
353 672
354 525
354 777
354 968
354 969
354 2193
355 581
355 1050
355 2209
356 1115
356 1848
357 603
357 807
357 1001
357 2172
358 663
358 2028
359 494
359 994
359 1631
359 1966
360 1242
361 666
361 970
361 1001
361 1063
362 460
362 708
362 1295
362 1418
362 1792
362 1796
362 1800
363 420
363 736
363 946
363 1267
363 1604
363 2330
363 2453
364 671
364 1169
364 1787
364 1918
365 458
365 2332
366 368
366 631
366 1545
366 1546
367 477
367 667
367 1701
367 1916
368 1492
368 1545
368 1943
369 614
369 1080
370 1001
370 1367
370 1450
370 2421
371 1484
371 1709
373 646
374 477
374 537
374 670
374 748
374 779
374 885
374 1075
374 1201
374 1404
374 1512
374 1541
374 1703
374 1707
374 1710
374 1768
374 1874
374 2029
374 2033
375 472
375 1563
376 977
376 1731
376 1894
376 2321
379 1729
380 2062
380 2065
381 477
381 479
382 393
382 1103
383 2297
384 441
384 1634
384 1639
384 1644
384 1651
384 1667
385 513
385 1405
386 911
386 1152
386 2092
386 2462
387 475
387 640
387 724
387 791
387 1372
387 1486
387 1534
387 1669
387 1749
387 1861
387 1901
387 1903
387 1904
388 1989
389 1322
389 1467
390 393
390 689
391 1020
391 1401
391 1556
391 1992
391 2250
392 440
392 666
392 1772
393 437
393 451
393 606
393 746
393 806
393 813
393 948
393 1034
393 1220
393 1373
393 1837
393 1838
393 1839
393 1840
393 1841
393 1842
394 451
394 652
394 872
394 1374
394 1845
395 652
395 717
395 1532
395 1843
395 1844
395 1845
396 1071
396 1510
397 398
397 658
397 823
397 1189
397 1773
397 2030
398 411
398 609
398 1335
398 1414
398 1953
398 2035
399 533
399 569
399 634
399 958
399 1979
399 2204
400 923
400 1158
400 1408
400 1826
401 442
401 468
401 530
401 566
401 757
401 2132
401 2133
401 2295
402 836
402 1316
403 830
403 1384
404 1484
404 1709
404 2438
405 428
405 1686
405 1688
405 1762
406 1174
406 1696
406 2399
407 1442
407 2362
408 609
408 859
408 2128
409 1153
409 1491
410 1668
410 2148
410 2149
411 529
411 891
411 1321
411 1526
411 1777
411 1882
411 2039
411 2040
411 2041
412 1529
412 2006
412 2313
413 477
413 494
413 605
413 1453
413 1914
413 2049
413 2189
413 2303
414 1101
414 2064
414 2065
415 1025
415 1170
415 1429
415 1813
416 1491
416 1545
417 1846
417 1849
417 2357
418 1103
418 2152
419 1564
419 1565
419 1824
419 1826
420 1620
420 2278
420 2279
421 824
421 1286
421 1729
421 2147
422 888
422 1197
422 1245
422 1600
422 2369
423 1073
423 1563
423 1570
424 587
424 1202
424 1204
425 563
425 2147
425 2252
426 592
426 782
426 785
426 1002
426 1018
427 926
427 1873
427 2236
428 508
428 772
428 1082
428 1083
428 1687
428 1889
429 1448
429 2446
430 2068
431 1043
431 1662
431 1846
432 467
432 1838
432 1884
433 1740
434 542
434 624
434 1308
434 1572
434 2201
434 2214
435 752
435 1180
435 1672
435 2134
436 720
436 1669
436 1672
436 1674
436 1676
436 2074
436 2150
436 2151
437 746
437 2247
438 492
438 1254
438 1561
438 1637
438 1906
438 1940
439 767
439 951
439 2068
440 1936
440 2459
440 2460
441 594
441 787
441 1567
441 1634
441 1635
441 1644
441 1660
441 1886
441 1939
442 2370
443 1245
443 2232
443 2233
444 755
444 1034
444 1201
444 1343
444 1739
444 1833
444 1841
444 1958
444 1964
446 625
446 876
446 1152
446 1410
446 2362
446 2464
446 2468
447 1139
447 1621
448 2426
449 540
449 646
449 907
450 2259
451 1518
452 2289
452 2290
453 2085
454 1245
454 1627
455 1836
456 524
456 1555
456 1861
457 1833
457 2236
457 2238
458 521
458 771
458 1081
458 1146
458 1153
458 1196
458 1328
458 1434
458 1641
458 1942
459 926
459 1240
459 1774
459 1778
460 742
460 1077
460 1109
460 1192
460 1250
460 1295
460 1791
460 1793
460 1796
460 1800
460 1801
460 2335
461 2168
462 1006
462 2005
462 2007
463 926
463 1034
463 1072
464 498
464 1672
465 689
465 1352
465 1555
466 513
466 596
466 1405
467 1205
467 1742
467 1838
468 566
468 1007
468 2295
468 2296
468 2370
469 1742
469 1963
470 874
470 1964
471 604
471 1259
471 2263
472 542
472 764
472 1234
472 1447
472 1535
472 1846
472 1858
472 1905
473 542
474 1956
475 871
475 2248
476 501
476 896
476 1071
476 1245
476 2307
477 1417
477 1496
477 1914
477 1917
477 2025
477 2031
477 2032
477 2033
477 2034
478 513
478 920
478 1114
478 1604
480 733
481 1299
481 1301
481 2103
482 926
482 1382
482 1953
483 550
483 2151
484 1563
484 1723
485 1604
485 2297
486 553
486 571
486 857
487 2234
487 2440
488 515
488 1754
489 646
489 1484
489 2013
490 680
490 1321
490 2353
491 587
491 831
491 935
491 1247
491 1756
492 1140
492 1491
493 901
494 1453
494 1631
494 1912
494 2049
494 2189
495 1477
495 1986
496 542
496 1563
497 739
497 771
497 1400
497 1797
497 1997
498 1375
498 1672
500 2230
501 1071
501 1245
501 2051
502 678
502 1030
502 1455
502 1855
502 1869
503 622
504 1343
505 1491
505 1667
506 1587
507 804
507 1089
507 1568
507 2402
508 1082
508 1452
509 929
510 639
510 1362
510 1597
510 2284
511 1225
511 1563
511 1905
512 1157
512 2307
513 624
513 947
513 1248
513 1281
513 1405
513 1479
513 1585
513 2122
514 1767
514 1846
515 573
515 693
515 1157
515 1390
516 1019
516 1121
516 1672
517 1621
517 2339
518 2269
519 632
519 1443
520 1298
520 1885
520 2258
521 583
521 1204
521 2249
522 524
522 1555
522 1861
523 2126
524 603
524 1672
524 2190
525 777
525 798
525 833
525 968
525 1032
525 1395
525 2193
525 2194
525 2195
525 2196
526 1010
526 1739
526 1834
527 909
527 1037
527 1670
528 677
528 1245
528 1604
528 1620
528 1627
528 2278
528 2279
529 1484
529 1491
529 1654
530 2371
530 2372
531 566
531 2132
531 2294
531 2295
532 1116
532 1122
532 2013
533 634
533 2225
534 897
534 1061
534 1492
535 1321
535 1814
536 582
536 930
536 983
536 1305
536 2303
537 1018
537 1354
538 601
538 2045
539 929
539 1151
539 2027
540 584
540 907
540 1774
541 1009
541 1496
542 578
542 699
542 773
542 797
542 886
542 917
542 1005
542 1012
542 1190
542 1191
542 1193
542 1353
542 1446
542 1504
542 1683
542 1685
542 1724
542 1730
542 1735
542 1997
542 2484
543 998
543 1165
544 2236
545 2073
547 650
547 725
547 1143
547 1683
547 1733
547 1905
548 1239
548 1518
548 1774
548 1968
549 1012
549 2359
550 1531
550 2074
550 2202
550 2203
551 1111
551 1529
552 1491
552 1939
553 811
553 950
553 1245
553 2280
553 2281
553 2282
554 755
554 2130
554 2131
554 2311
555 2079
556 1245
557 816
557 1355
557 2301
558 2277
559 1245
559 1601
559 2207
559 2330
560 640
560 1894
561 862
563 849
563 2359
564 1220
564 1838
564 1878
565 814
565 916
565 1811
565 1812
566 2132
566 2295
567 951
567 1129
568 1245
568 2379
568 2381
569 1981
569 2082
569 2178
570 1071
570 1587
570 1626
570 2369
571 811
572 891
573 2200
574 1312
575 1563
575 1726
576 2071
577 2077
578 1509
579 714
579 738
579 821
579 850
579 1635
579 2229
580 827
581 698
581 822
581 995
581 1468
581 2260
582 2303
583 1069
583 1415
583 2249
584 646
584 661
584 1153
584 2028
585 819
585 872
585 1161
585 1245
585 1374
585 1686
585 1688
585 1755
585 1758
585 1759
585 1760
585 1761
587 831
587 1161
587 1247
588 1321
589 1072
589 1337
590 749
590 1145
590 1365
590 1431
590 1549
590 1618
590 1942
591 813
591 1532
591 1844
591 1883
591 1884
591 2014
594 1939
595 1949
596 795
596 799
596 1127
596 1149
596 1591
596 1602
596 2274
596 2276
596 2349
596 2350
597 2006
598 1665
599 1491
600 737
600 759
600 859
600 940
600 953
600 1241
600 1738
600 1739
600 1740
600 1741
600 1742
600 1743
600 1744
600 1745
601 2045
602 1563
603 1979
603 1981
604 1710
604 1833
605 2206
605 2303
607 662
607 991
607 1027
608 2418
609 891
609 1885
610 2288
611 1767
611 1846
612 1767
613 2198
614 1815
614 2079
615 666
616 1278
617 2049
618 1072
618 1325
618 1326
618 1846
619 891
619 1122
620 762
620 2022
621 1176
621 1245
623 1245
623 2208
624 944
624 1072
624 1245
624 1421
624 1458
624 1479
624 1572
624 1583
624 1587
624 2201
624 2214
625 1152
626 1071
626 1185
626 1208
626 1245
626 1583
628 1894
628 1989
629 696
629 1711
629 1967
630 1357
630 2343
631 870
631 925
631 1224
631 1545
631 1546
631 1652
631 1858
631 2162
632 1443
633 985
634 928
635 1563
635 1905
635 2170
636 668
636 672
636 1921
637 709
637 711
637 751
637 908
637 1255
637 1505
637 1928
637 1929
637 1960
638 731
638 1821
638 2324
639 887
639 1294
639 1362
639 1605
639 1972
639 2284
641 735
641 882
641 1135
641 2082
641 2444
642 696
643 764
643 1245
643 2061
643 2065
644 1756
644 1763
645 1276
645 2061
645 2062
646 1179
646 1970
646 1971
646 1972
647 778
647 1344
647 2310
648 1269
649 2134
650 1672
650 1683
650 2251
651 1767
652 1298
652 1918
652 2104
653 1491
653 1672
654 1321
655 1167
655 1440
655 1734
655 2327
655 2328
656 2426
657 1232
657 2236
657 2237
658 1009
658 1040
658 1518
658 1930
659 1410
659 2462
660 1270
660 2388
661 975
661 1189
661 2230
661 2376
662 1062
662 1119
662 1563
662 2359
664 828
664 1173
664 2049
664 2053
665 1618
665 2475
666 692
666 724
666 790
666 967
666 1063
666 1092
666 1159
666 1187
666 1217
666 1546
666 1679
666 1680
666 1868
666 1871
666 1895
666 2111
666 2134
666 2144
666 2145
666 2146
666 2147
667 669
667 684
667 883
667 919
667 1272
667 1701
667 1916
667 2047
667 2052
667 2120
668 672
668 1132
668 1419
668 1741
668 1818
668 1919
668 1920
668 1921
669 684
669 883
669 919
669 1272
669 1499
669 1701
669 2047
669 2052
670 1163
670 1498
670 1834
670 1995
670 2029
671 985
671 1787
671 2015
672 1132
672 1419
672 1741
672 1818
673 916
673 1893
674 760
674 924
674 993
674 1176
674 1952
675 1362
675 1488
675 1605
676 678
676 1134
676 1443
676 1846
677 1057
677 1245
678 1030
678 1846
678 1855
678 1869
679 1195
679 1866
680 1415
681 1008
681 1048
681 1071
681 1245
681 1260
681 1425
681 1441
681 1485
681 1594
681 2376
682 1221
682 2013
683 1321
684 1104
684 2048
684 2052
685 877
685 1942
685 2285
686 1163
686 1740
687 1245
687 1362
687 2284
688 1171
688 1758
688 1930
689 813
689 1349
689 1352
689 1555
689 2037
689 2038
690 1178
690 1245
690 2261
691 1245
691 1624
691 2319
692 1565
693 902
693 1308
693 1390
693 2291
693 2292
694 1284
694 1323
695 787
695 2282
696 1503
697 726
697 1245
697 1475
697 1481
698 1050
698 2209
699 773
699 1190
699 1728
700 801
700 1563
700 2157
701 1439
701 1585
701 1586
702 1787
703 1754
703 1976
704 985
704 1059
705 835
706 977
706 1382
707 1934
708 1295
708 1418
710 711
710 1122
710 1257
710 1774
710 1779
711 1122
711 1257
711 1464
711 1774
711 1779
711 1833
712 2244
714 821
714 966
714 1046
714 2218
715 879
715 1563
716 1529
718 943
718 1812
718 1893
718 1901
718 2055
719 1135
719 1565
720 1423
720 1672
721 1894
721 1989
722 1367
722 1432
722 1846
722 2378
723 1756
723 1762
723 1763
723 2408
724 791
724 1063
724 1462
725 1513
725 1672
726 1008
726 1208
726 1245
727 730
727 1245
727 1695
727 2201
728 1265
728 1655
728 1656
728 1657
729 880
730 750
730 817
730 1696
731 1350
731 1821
731 2343
732 1199
733 1959
734 1199
735 882
735 2080
736 1267
737 1124
737 1815
737 1816
738 850
738 1647
738 2225
739 1018
739 2072
739 2073
740 973
741 783
741 827
742 1192
742 1295
742 1418
743 2218
744 821
744 1061
744 2224
744 2225
745 1075
745 1232
745 1877
745 1878
746 1702
746 1840
746 2125
746 2247
747 1598
747 1625
747 2288
748 1859
749 1245
749 1475
750 817
751 1833
752 1071
752 1245
752 1627
752 2070
753 1693
754 1627
755 2130
755 2354
756 948
756 1781
756 1859
757 1657
757 2295
758 1678
759 1774
759 1959
760 924
760 1245
760 1506
760 1595
760 1952
761 1033
761 1509
761 1542
761 1896
761 2322
761 2411
762 804
762 2021
763 1024
763 1037
763 1520
763 1672
764 926
764 1034
764 1231
764 1445
764 1937
764 2245
765 1304
765 2092
765 2461
766 796
766 1034
766 2123
767 884
767 2120
768 1763
768 2311
769 1894
770 1876
771 2182
771 2366
772 1762
774 2005
775 2040
775 2262
776 902
776 1259
777 1853
777 2193
778 1344
778 2121
779 1201
779 1878
780 1662
781 1071
781 1245
781 1624
782 785
782 859
782 1002
782 1744
783 2320
784 1274
784 2092
785 1002
785 1141
786 2033
786 2329
787 942
787 1099
787 1955
788 1309
788 1404
788 1620
789 1280
789 1927
789 2173
791 1063
791 1462
792 970
792 2059
793 2452
794 956
795 799
795 1127
795 1147
795 2273
795 2274
795 2276
795 2349
795 2350
796 904
796 1095
796 1229
796 1403
796 1704
796 1958
796 2119
797 1320
797 1563
797 1724
798 1022
798 1985
799 1127
799 2355
799 2451
800 1228
800 1295
800 1418
801 1245
801 1358
801 1570
801 2156
802 1563
803 841
803 1802
803 1805
803 1810
804 1245
804 2021
804 2401
805 1077
805 1078
805 1192
805 1295
805 1418
805 1795
806 813
806 2169
807 1432
808 891
808 926
809 1058
809 1099
810 1245
811 857
813 948
813 1884
813 2228
814 1283
815 837
815 1491
815 1492
816 1355
816 1430
817 1692
817 1693
817 1694
818 1163
818 1205
819 1538
819 2420
820 1810
821 838
821 958
821 2225
822 1705
822 2209
823 1087
823 1189
823 1773
825 1055
825 1059
825 1292
825 1373
825 1767
825 1843
825 2138
826 962
826 1718
826 1846
828 951
828 1173
828 1932
828 2037
828 2049
829 1178
829 1245
829 1473
830 1890
830 1891
831 1203
831 1247
831 1819
832 1176
832 1362
832 1488
833 2193
833 2195
834 1239
834 1776
835 926
837 1491
837 1944
838 958
838 1411
838 2218
839 1989
842 945
842 1602
842 2255
842 2413
843 938
844 1003
844 1418
844 1924
845 1245
846 1753
847 1774
847 1993
847 2136
848 1199
848 1289
850 2225
851 1120
852 1722
853 1207
853 1999
854 1216
854 1922
855 1245
855 2433
856 1315
857 947
858 2198
859 891
859 1733
860 972
860 2342
860 2355
860 2440
861 1081
861 1196
861 1955
862 1887
862 2074
863 1691
864 2344
865 1784
865 1812
866 1096
867 1997
868 977
868 1389
868 1771
868 2230
869 1826
869 2432
870 1278
870 1545
870 1546
873 1245
874 2369
875 1361
875 1774
876 2467
877 1057
877 1245
877 1431
877 1549
877 1619
877 1942
877 2020
878 977
878 1660
879 1638
879 2449
880 1590
880 2378
880 2415
881 967
881 1530
881 1668
881 1669
881 1670
881 1671
881 1672
882 999
882 1044
882 1060
882 1299
882 1323
882 1565
882 1647
882 2084
882 2241
882 2242
882 2243
882 2270
883 884
883 1272
883 2048
884 1556
884 2047
886 1472
886 1846
887 1362
887 1597
887 1605
887 2284
888 1245
888 2207
889 1516
890 915
890 2091
890 2397
890 2398
891 977
891 1045
891 1455
891 1876
891 1879
891 2011
892 1956
893 913
893 1313
894 1175
895 913
895 1245
896 1195
896 1381
896 1699
896 1817
896 2057
897 1254
897 1491
898 1062
898 1119
899 996
899 1151
899 1338
899 2026
899 2027
900 1989
901 973
901 2108
902 978
902 1052
902 1245
903 1076
905 1384
905 1513
905 2128
905 2272
906 961
906 1418
908 2013
909 1117
909 1217
909 2152
910 1201
910 1772
910 2227
911 1038
911 1152
911 2092
911 2345
912 1697
913 1008
913 1178
913 1313
913 2207
914 1245
915 1215
915 2367
916 1812
916 1893
916 1894
917 1259
917 1551
917 2419
918 1368
918 1672
919 1194
920 1057
920 1604
920 2297
921 1298
921 1782
921 1918
921 2393
922 1955
923 1826
925 1224
925 1545
925 1546
925 1659
926 1023
926 1186
926 1286
926 1344
926 1398
926 1455
926 1493
926 1512
926 1526
926 1539
926 1591
926 1700
926 1701
926 1702
926 1703
926 1704
926 1705
926 1706
926 1707
926 1708
926 1709
926 1710
926 1711
926 1905
927 1432
928 973
928 1046
928 1269
928 1307
928 1332
928 1360
928 1396
928 1486
928 1650
928 1651
928 2105
928 2106
929 1151
929 2027
930 1355
930 2303
931 2220
932 1337
933 1934
933 1936
933 2459
934 2152
935 1070
935 1170
935 1821
935 1822
935 1823
936 1563
936 1846
936 2387
937 951
938 1195
938 1894
938 2356
939 2236
941 2019
943 1812
944 2021
945 1315
945 1365
945 1602
945 1663
945 1695
946 2281
946 2453
947 1245
947 2330
949 1071
949 1208
949 1245
949 1627
950 1138
950 1245
950 1346
950 2232
950 2282
951 955
951 1021
951 1028
951 1098
951 1360
951 1394
951 1496
951 1785
951 1786
951 1911
951 1912
951 1914
951 1915
951 1932
951 2048
951 2176
952 2152
953 1444
953 1635
954 1387
954 2179
954 2229
954 2403
955 1460
955 2176
956 1314
956 1754
956 2422
957 986
957 1128
957 1210
957 1230
957 1264
957 1442
957 1502
957 2385
957 2386
958 1981
958 2225
959 1563
960 1288
961 1004
961 1314
961 1450
961 1474
961 1810
962 1450
963 2251
964 1095
965 1321
966 1096
966 2218
967 1092
967 1672
968 1395
969 2193
969 2194
970 1001
970 1561
970 2060
971 1447
972 1114
972 1692
972 2150
972 2282
975 977
975 1069
975 1245
975 1350
975 1587
975 1691
976 1038
976 1152
976 2092
976 2462
977 1157
977 1245
977 1357
977 1362
977 1382
977 1587
977 1595
977 1602
977 1646
977 1659
977 1660
977 1661
977 1662
977 1663
977 1664
977 1665
977 1666
977 1667
978 2016
979 1379
979 1539
979 1540
980 1027
980 1563
982 1362
982 1972
982 2284
984 1116
984 1774
985 2015
985 2186
986 2385
987 1411
987 2228
988 1129
988 1330
988 1973
989 1111
990 1303
990 1968
990 1969
990 2236
991 1027
991 2091
991 2397
992 2270
993 994
994 1427
994 1945
995 998
995 1050
995 1165
995 1468
995 2209
996 1151
996 2027
997 1011
997 1072
997 2328
998 1165
998 1468
998 2209
999 1256
999 1323
999 1519
1000 1215
1000 1672
1000 1846
1000 2425
1001 1501
1002 1018
1002 1729
1003 1356
1003 1925
1003 1926
1004 1450
1004 1476
1005 1563
1006 1137
1006 2005
1006 2007
1007 1107
1007 2133
1007 2295
1007 2296
1008 1026
1008 1178
1008 1245
1008 1359
1008 1397
1008 1580
1008 1610
1008 1622
1008 1746
1008 1747
1008 1748
1009 2107
1011 1734
1011 2328
1012 1672
1012 2087
1012 2221
1013 1410
1013 2462
1013 2465
1013 2466
1014 1023
1014 1122
1014 1885
1014 2138
1015 1022
1015 1167
1015 1984
1015 1985
1015 1988
1016 1516
1017 1579
1017 2383
1018 1406
1018 2119
1019 1121
1020 1496
1020 2326
1021 1298
1021 2013
1022 1131
1022 1167
1022 1342
1022 1528
1022 1560
1022 1983
1022 1984
1022 1985
1022 1986
1022 1987
1022 1988
1023 1455
1023 1885
1023 2044
1024 1034
1024 1292
1024 1521
1024 1672
1024 1995
1026 1245
1028 2175
1029 1685
1030 1455
1030 1846
1031 1321
1031 1814
1031 2118
1032 1395
1032 2193
1032 2194
1032 2195
1033 2322
1034 1036
1034 1113
1034 1122
1034 1378
1034 1415
1034 1521
1034 1769
1034 1790
1034 2013
1034 2036
1034 2123
1034 2124
1034 2125
1034 2126
1036 1378
1036 1415
1036 2036
1037 2139
1038 1152
1038 2092
1038 2345
1038 2462
1038 2468
1039 1089
1039 2201
1039 2377
1041 2092
1041 2094
1042 1496
1042 1914
1042 2033
1044 2137
1045 2169
1046 1486
1046 2013
1046 2105
1046 2218
1047 1140
1047 1491
1048 1071
1048 1245
1049 1382
1049 1383
1049 2098
1050 1468
1050 1725
1050 2209
1050 2213
1051 1208
1051 1609
1051 2069
1051 2070
1052 1245
1052 1754
1052 1846
1053 1138
1054 2388
1054 2481
1055 1787
1055 2013
1055 2256
1056 1284
1057 1245
1057 1576
1057 1577
1057 1604
1057 2341
1057 2342
1058 1127
1060 2084
1060 2294
1061 1503
1061 2095
1061 2096
1061 2224
1062 2359
1063 2111
1065 1387
1066 1285
1066 1991
1067 1180
1068 1846
1068 2400
1070 1815
1071 1245
1071 1576
1071 1581
1071 1582
1071 1593
1071 1596
1071 1599
1071 2069
1071 2307
1071 2319
1072 1188
1072 1243
1072 1715
1072 1769
1072 2201
1074 1145
1075 1772
1075 2236
1076 2201
1077 1418
1077 1795
1078 1418
1078 1795
1079 1406
1079 1768
1079 1844
1079 2192
1080 1815
1081 1196
1082 1083
1082 1452
1083 1242
1083 1452
1083 1686
1083 1687
1084 1090
1084 1959
1085 1340
1085 1852
1085 2191
1085 2200
1085 2405
1085 2406
1086 2360
1086 2392
1087 1088
1089 1245
1089 2201
1090 1271
1091 1432
1091 2085
1091 2182
1092 1489
1093 1567
1094 1253
1094 2461
1096 1254
1096 1492
1096 2143
1097 1653
1097 1858
1099 1112
1099 1439
1099 1469
1099 1578
1100 1380
1100 2057
1100 2254
1101 2063
1101 2358
1102 1310
1102 1387
1102 2179
1102 2218
1102 2351
1103 1113
1103 1292
1103 1702
1103 2013
1104 1218
1104 1471
1104 1698
1104 1699
1105 1245
1105 1623
1106 1152
1106 2462
1107 2133
1107 2295
1108 1245
1108 1599
1110 1563
1111 1183
1112 1377
1112 1578
1112 1607
1113 1754
1114 2280
1114 2330
1116 1787
1116 1975
1119 1450
1119 1476
1119 1809
1120 1122
1122 1184
1122 1229
1122 1257
1122 1402
1122 1403
1122 1455
1122 1459
1122 1525
1122 1594
1122 1708
1122 1711
1122 1779
1122 1835
1122 2009
1122 2010
1122 2011
1122 2012
1122 2013
1122 2014
1123 1330
1123 2397
1124 1815
1124 1816
1124 2354
1125 1163
1126 1413
1126 2398
1127 1149
1127 1200
1127 1245
1127 1268
1127 1383
1127 1495
1127 1611
1127 2273
1127 2274
1127 2275
1127 2276
1128 1230
1130 1564
1130 1565
1130 1826
1131 1342
1131 1985
1131 2395
1132 1818
1133 1245
1134 1887
1134 2423
1135 1323
1135 1564
1135 2081
1136 1563
1136 1810
1137 2005
1137 2007
1138 1245
1140 1632
1140 1939
1142 1543
1143 1517
1143 1905
1144 1362
1144 2379
1144 2381
1145 2334
1146 1328
1146 1491
1147 2455
1149 1200
1150 2092
1151 1623
1151 2026
1151 2027
1152 2092
1152 2093
1152 2345
1152 2362
1152 2462
1152 2464
1152 2467
1152 2468
1152 2469
1154 2184
1155 1433
1155 2094
1156 1989
1157 1386
1158 1408
1159 2134
1160 1406
1160 1844
1161 1686
1162 1789
1162 2152
1163 1205
1163 1498
1163 1740
1163 2071
1164 1490
1164 1894
1165 2209
1166 1805
1166 1807
1166 1810
1167 1894
1167 1983
1167 1984
1167 1985
1167 1988
1169 1348
1170 1822
1172 2111
1172 2148
1172 2149
1173 2037
1173 2053
1174 2424
1175 1245
1175 1608
1175 1610
1176 1177
1176 1362
1176 1597
1176 1638
1176 2167
1177 1638
1177 2167
1178 1245
1178 1473
1178 2284
1179 2033
1180 1245
1181 1201
1182 1490
1182 1567
1183 2101
1184 1525
1184 2012
1185 1208
1185 1245
1186 2258
1188 1847
1189 1770
1189 1771
1189 1772
1189 1773
1191 1563
1191 1672
1192 1418
1192 1793
1192 1800
1192 1801
1192 2335
1193 1206
1193 1207
1193 1418
1193 1999
1195 2016
1197 1245
1198 1208
1199 1324
1199 2361
1200 1495
1201 1226
1201 1493
1201 1541
1201 1603
1201 1742
1201 1875
1201 1961
1201 1962
1201 2029
1202 1203
1202 1204
1202 1939
1203 1204
1204 2249
1207 1543
1208 1581
1208 1582
1208 1601
1208 2069
1208 2070
1209 1894
1210 1237
1210 1370
1210 2474
1211 2328
1212 2108
1213 1563
1214 1895
1214 2108
1215 1922
1215 2091
1216 1922
1218 1697
1218 1927
1219 1449
1219 1672
1220 1884
1221 1833
1221 2045
1221 2155
1222 1418
1222 1450
1222 1563
1222 1801
1222 1810
1223 1716
1223 1946
1223 1949
1224 1332
1224 1659
1224 1892
1224 1893
1224 1894
1225 1563
1225 1905
1226 1772
1226 2227
1227 1245
1227 1615
1228 1295
1228 1418
1228 1803
1229 2265
1231 1384
1231 1513
1231 2018
1231 2159
1232 1788
1232 2158
1234 1535
1235 1857
1236 1672
1236 2016
1236 2417
1237 1502
1237 2474
1238 1323
1239 1249
1239 1412
1239 1464
1239 1832
1239 1993
1239 2125
1242 2113
1243 1817
1244 1885
1244 2023
1245 1268
1245 1273
1245 1324
1245 1351
1245 1359
1245 1362
1245 1371
1245 1377
1245 1393
1245 1421
1245 1425
1245 1436
1245 1438
1245 1441
1245 1469
1245 1473
1245 1488
1245 1514
1245 1570
1245 1571
1245 1572
1245 1573
1245 1574
1245 1575
1245 1576
1245 1577
1245 1578
1245 1579
1245 1580
1245 1581
1245 1582
1245 1583
1245 1584
1245 1585
1245 1586
1245 1587
1245 1588
1245 1589
1245 1590
1245 1591
1245 1592
1245 1593
1245 1594
1245 1595
1245 1596
1245 1597
1245 1598
1245 1599
1245 1600
1245 1601
1245 1602
1245 1603
1245 1604
1245 1605
1245 1606
1245 1607
1245 1608
1245 1609
1245 1610
1245 1611
1245 1612
1245 1613
1245 1614
1245 1615
1245 1616
1245 1617
1245 1618
1245 1619
1245 1620
1245 1621
1245 1622
1245 1623
1245 1624
1245 1625
1245 1626
1245 1627
1245 1628
1245 2413
1246 1344
1246 1774
1246 2121
1246 2310
1247 1516
1247 1762
1247 1764
1247 1820
1247 2318
1248 1405
1249 1258
1249 1774
1250 1295
1252 1564
1252 1565
1252 2336
1252 2346
1253 2092
1254 1456
1254 1522
1254 1640
1254 1939
1254 2002
1255 1771
1255 2376
1256 1407
1256 1519
1257 1402
1257 1779
1257 1835
1257 2117
1257 2312
1261 1708
1261 2076
1262 1700
1262 1927
1262 1928
1262 1929
1262 2230
1263 1264
1263 2386
1264 2386
1265 1656
1266 1380
1266 2027
1266 2126
1269 2178
1270 2388
1270 2389
1272 2032
1272 2047
1273 2413
1274 2471
1275 1556
1276 2061
1277 1996
1278 1931
1278 2040
1278 2109
1278 2110
1279 1282
1279 1303
1279 1968
1279 2072
1279 2236
1279 2237
1281 1405
1282 1379
1282 2071
1282 2152
1282 2236
1283 2479
1284 1457
1285 1361
1285 1484
1285 1779
1285 1832
1286 2160
1287 2217
1288 1385
1288 1754
1289 2229
1290 1428
1290 1688
1290 1690
1290 1691
1291 1428
1291 1688
1291 1689
1291 1690
1292 1521
1293 2067
1294 1362
1294 1597
1294 1605
1294 2284
1295 1418
1295 1791
1295 1792
1295 1793
1295 1794
1295 1795
1295 1796
1296 1297
1296 2113
1297 2112
1298 1348
1298 1471
1298 1781
1298 1782
1298 1783
1298 1784
1298 1785
1298 1786
1299 1332
1299 1406
1299 1565
1299 2103
1299 2192
1301 2102
1301 2103
1302 1303
1302 2236
1302 2238
1303 1835
1303 1968
1303 1969
1303 2236
1305 1555
1306 1489
1306 1675
1307 1486
1308 1613
1309 1587
1309 1604
1309 2280
1310 1311
1310 1411
1310 2179
1310 2218
1310 2347
1310 2351
1311 1411
1311 2347
1312 1580
1314 1810
1314 2458
1315 2201
1316 1846
1317 1787
1317 1918
1317 1930
1318 2102
1319 1552
1320 1563
1321 1487
1321 1562
1321 1569
1321 1814
1321 1817
1321 1818
1321 2114
1321 2115
1321 2116
1321 2117
1321 2118
1322 2293
1323 2084
1323 2241
1323 2444
1324 2166
1325 1326
1327 1788
1328 1894
1328 1905
1329 2471
1331 2386
1333 1563
1333 1846
1335 1414
1336 1337
1339 1939
1339 2067
1340 2191
1340 2200
1341 1502
1341 2092
1342 1480
1342 1528
1343 1558
1343 1990
1343 1991
1343 1992
1344 1361
1344 1547
1344 1774
1345 1367
1345 1661
1347 2025
1349 1376
1349 1555
1349 2188
1349 2191
1349 2200
1349 2406
1350 1429
1350 1686
1350 1813
1350 2376
1351 1514
1352 1555
1352 2038
1353 2483
1353 2484
1354 1768
1354 2104
1354 2178
1355 2300
1355 2301
1356 1418
1356 1925
1356 1926
1357 1762
1358 1563
1358 1754
1360 1534
1360 2175
1360 2178
1361 1833
1361 1991
1362 1488
1362 1588
1362 1597
1362 1605
1362 1942
1362 1972
1362 2058
1363 2225
1363 2325
1363 2347
1364 1774
1365 1607
1366 1379
1366 1709
1366 1877
1366 1996
1367 2416
1369 1944
1369 2170
1371 1627
1375 1894
1376 1885
1376 2191
1376 2406
1377 1638
1378 1415
1378 2036
1379 1540
1379 2072
1379 2237
1380 1381
1380 2016
1381 2085
1381 2087
1382 1427
1382 1492
1382 1561
1382 1650
1382 1663
1382 1945
1382 1966
1384 1513
1384 2272
1385 1754
1385 1976
1387 2229
1388 1396
1389 1883
1389 2004
1390 1692
1391 1555
1392 2033
1392 2078
1393 2424
1396 1411
1396 1967
1396 2178
1396 2439
1397 1612
1397 1627
1399 1560
1399 2470
1400 2283
1401 1556
1401 2326
1402 1774
1402 1833
1403 1739
1403 1837
1403 1841
1403 1958
1403 2265
1404 1533
1404 2117
1404 2284
1406 1768
1406 1844
1406 2192
1407 2084
1407 2295
1408 1749
1409 2447
1410 2462
1412 1776
1412 2013
1412 2136
1413 2398
1413 2482
1415 1702
1415 2036
1416 1774
1417 1496
1417 1914
1418 1450
1418 1476
1418 1791
1418 1795
1418 1796
1418 1799
1418 1800
1418 1801
1418 1802
1418 1803
1419 1741
1419 1889
1420 2092
1421 1666
1421 2022
1422 2022
1424 1761
1424 2129
1425 1942
1427 1640
1427 2407
1428 1689
1429 1813
1429 2205
1431 1942
1431 2021
1432 1846
1432 2181
1432 2182
1432 2183
1434 1491
1435 1491
1436 1627
1437 1634
1437 1648
1438 2207
1439 1594
1439 1755
1439 1930
1440 1520
1440 1734
1440 2327
1441 1591
1442 1826
1445 1638
1446 2479
1447 1846
1449 1672
1451 2324
1452 1889
1453 1752
1453 2049
1453 2050
1454 1672
1454 1681
1455 1855
1455 1885
1456 1660
1457 1519
1458 2021
1459 2012
1460 1915
1460 2176
1461 1607
1461 2412
1463 2365
1464 1774
1464 1930
1464 2312
1465 2090
1466 2307
1468 2209
1469 2275
1469 2292
1469 2426
1470 1612
1471 1914
1471 1931
1471 1932
1471 1933
1474 1810
1474 2458
1477 1983
1477 1985
1477 2316
1478 1652
1478 1653
1478 1772
1479 2379
1479 2380
1479 2381
1480 1983
1482 1536
1482 1894
1483 1530
1484 1709
1484 1910
1486 1651
1487 2112
1488 2284
1490 2265
1491 1629
1491 1630
1491 1631
1491 1632
1491 1633
1491 1634
1491 1635
1491 1636
1491 1637
1491 1638
1491 1639
1491 1640
1491 1641
1491 1642
1491 1643
1491 1644
1491 1645
1491 1646
1492 1567
1492 1639
1492 1640
1492 1641
1492 1642
1492 1647
1492 1648
1492 1649
1492 1650
1493 1591
1495 1602
1496 1503
1496 1881
1496 1913
1496 1914
1496 1915
1496 1916
1496 1917
1496 2025
1497 1524
1497 1573
1498 2071
1499 2046
1500 1618
1502 2235
1503 2225
1504 1563
1504 1998
1504 2000
1505 1833
1507 1552
1507 2469
1509 2322
1510 2456
1510 2457
1517 1905
1518 1708
1518 1832
1520 1812
1520 1894
1521 1699
1521 1702
1521 1754
1521 1995
1521 2125
1521 2138
1521 2226
1522 1660
1523 1878
1525 2012
1526 1711
1527 1531
1527 2223
1527 2240
1528 2395
1529 2006
1530 1563
1530 1894
1531 2223
1534 1752
1534 2175
1536 1789
1536 1828
1536 1995
1536 1996
1538 1774
1538 2420
1539 1540
1539 1774
1540 1774
1540 1835
1541 1768
1542 1608
1543 1999
1544 1916
1544 2394
1545 2161
1545 2162
1545 2163
1546 2040
1546 2134
1546 2162
1546 2163
1546 2164
1547 1833
1547 1991
1548 2313
1548 2340
1549 1942
1550 2446
1551 1583
1552 2462
1554 1971
1555 2037
1555 2038
1555 2145
1555 2187
1555 2188
1555 2189
1555 2190
1555 2191
1556 2250
1558 1992
1559 1575
1560 1846
1560 2097
1563 1661
1563 1682
1563 1706
1563 1712
1563 1713
1563 1714
1563 1715
1563 1716
1563 1717
1563 1718
1563 1719
1563 1720
1563 1721
1563 1722
1563 1723
1563 1724
1563 1725
1563 1726
1563 1727
1563 1728
1563 1729
1563 1730
1563 1731
1563 1732
1563 1733
1563 1734
1563 1735
1563 1736
1563 1737
1564 1565
1564 1826
1564 1830
1564 1831
1564 2082
1565 1766
1565 1826
1565 1827
1565 1828
1565 1829
1565 1830
1565 1831
1565 2082
1566 1772
1566 1846
1566 1936
1567 1940
1567 2165
1568 2402
1570 1717
1570 2156
1570 2157
1571 1600
1571 1601
1571 1846
1571 2207
1572 2278
1573 1592
1573 1593
1573 1627
1574 1587
1574 2280
1575 1758
1576 1589
1578 2280
1579 1593
1579 2383
1580 2475
1581 1627
1582 1627
1583 1623
1583 2307
1585 1586
1586 2064
1586 2065
1587 1596
1587 1602
1587 1607
1587 2177
1587 2253
1587 2412
1587 2413
1588 2021
1590 2100
1590 2378
1590 2415
1593 1617
1596 2413
1597 1638
1597 2167
1598 1625
1599 1748
1599 2428
1600 2207
1600 2208
1601 1612
1601 1628
1601 1746
1601 2070
1602 1666
1602 2231
1602 2232
1602 2233
1602 2234
1603 2409
1604 1611
1604 1620
1604 2150
1604 2277
1604 2278
1604 2279
1605 1972
1605 2284
1606 1627
1607 2412
1611 2280
1612 1627
1612 1628
1613 2412
1614 1616
1617 1627
1618 2441
1619 2285
1620 2297
1623 2026
1627 2319
1629 1645
1630 1697
1630 2168
1632 1939
1633 1640
1634 1644
1634 1905
1635 1642
1635 1651
1638 1905
1638 1937
1638 2167
1639 2002
1640 2170
1641 2161
1643 1858
1643 1966
1644 1660
1644 2169
1646 1905
1646 1955
1649 1672
1649 1905
1649 2002
1653 1905
1654 2312
1656 1657
1656 1658
1657 1658
1657 2142
1657 2295
1658 2140
1659 1947
1663 2053
1663 2285
1664 1938
1666 2285
1668 1671
1669 1894
1670 1672
1671 1672
1672 1673
1672 1674
1672 1675
1672 1676
1672 1677
1672 1678
1672 1679
1672 1680
1672 1681
1672 1682
1672 1683
1672 1684
1672 1685
1672 1729
1673 1684
1674 1846
1674 1894
1674 2373
1677 1810
1680 2148
1680 2149
1681 1808
1682 1733
1686 1687
1686 1688
1688 1689
1688 1691
1689 1690
1691 1762
1692 1905
1695 1696
1696 2201
1698 2033
1698 2068
1699 2264
1699 2287
1700 1930
1701 1916
1702 1839
1702 1840
1702 2124
1702 2247
1704 2119
1706 1727
1706 1976
1706 2199
1708 1769
1708 2259
1709 1774
1711 2312
1712 1905
1716 1905
1716 1955
1719 1846
1722 2400
1727 1976
1729 2152
1730 1846
1733 1846
1734 2327
1734 2328
1735 1846
1736 1846
1737 2391
1738 2099
1741 1818
1744 1745
1744 1818
1745 2443
1747 1748
1749 1750
1749 1751
1749 1752
1749 1753
1749 1894
1749 1899
1749 1989
1750 1989
1751 1894
1751 1989
1754 1894
1754 1976
1754 1977
1756 1757
1757 1763
1759 1762
1759 2318
1759 2337
1760 2420
1761 1814
1761 2127
1761 2129
1762 1763
1762 1764
1763 1820
1763 2112
1763 2408
1764 1820
1765 1774
1766 1767
1766 1824
1766 1918
1769 2148
1771 2376
1772 1961
1772 1962
1772 2246
1774 1775
1774 1776
1774 1777
1774 1778
1774 1779
1774 1780
1774 2230
1775 2448
1777 2289
1780 1786
1780 2153
1780 2262
1780 2452
1783 1787
1784 1787
1785 2430
1786 1911
1786 1912
1786 2040
1787 1788
1787 1789
1787 1790
1788 2160
1788 2306
1789 1894
1792 1796
1797 1798
1801 2335
1804 1805
1804 1806
1804 1810
1805 1806
1805 1807
1806 1810
1807 1810
1808 1810
1811 1812
1811 2054
1811 2056
1812 2054
1812 2055
1812 2056
1814 1815
1814 1816
1814 1817
1814 1818
1814 2118
1815 1816
1815 2079
1817 2085
1817 2435
1819 2431
1820 2318
1822 1823
1824 1825
1824 1826
1826 1831
1828 1894
1829 2080
1829 2082
1833 1834
1833 1835
1833 1836
1835 1968
1835 1969
1839 1840
1839 2029
1839 2247
1840 2247
1843 1894
1846 1847
1846 1848
1846 1849
1846 1850
1846 1851
1846 1852
1846 1853
1846 1854
1846 1855
1846 1856
1846 1857
1846 1858
1846 1859
1846 1860
1846 1861
1846 1862
1846 1863
1846 1864
1846 1865
1846 1866
1846 1867
1846 1868
1846 1869
1847 1864
1847 2336
1851 2168
1856 1922
1856 1923
1857 2252
1858 2169
1861 1862
1861 1863
1861 1904
1861 1980
1861 1982
1861 2178
1861 2190
1861 2220
1861 2221
1861 2222
1861 2223
1862 2221
1863 1982
1866 2308
1868 2144
1869 1885
1870 1876
1875 1930
1876 1930
1877 2298
1878 1879
1881 2258
1882 2041
1883 2066
1884 2014
1884 2029
1885 1886
1885 1887
1885 1888
1886 1905
1886 1955
1887 2202
1890 1971
1891 2272
1894 1895
1894 1896
1894 1897
1894 1898
1894 1899
1894 1900
1894 1901
1894 1902
1894 1989
1899 1902
1900 1979
1900 1981
1903 2248
1905 1906
1905 1907
1905 1908
1906 1908
1910 2312
1911 2206
1914 1992
1915 2048
1916 2154
1916 2394
1924 1925
1924 1926
1925 1981
1928 1929
1931 2033
1933 2032
1933 2120
1934 1935
1934 1936
1934 1950
1934 2459
1934 2460
1935 1936
1935 2459
1942 2021
1944 1948
1945 1953
1953 1965
1954 2004
1954 2172
1954 2331
1956 1957
1958 2265
1959 1960
1961 2227
1962 2227
1968 1969
1971 2272
1972 2284
1973 2336
1973 2346
1973 2404
1974 1976
1974 2346
1976 1977
1979 2437
1980 1981
1981 1982
1982 2222
1983 1984
1983 1985
1983 1986
1984 1985
1986 1989
1987 1988
1989 2093
1990 1992
1990 2033
1992 2033
1994 2125
1998 1999
1998 2000
2000 2001
2003 2004
2003 2172
2003 2174
2003 2331
2005 2006
2005 2007
2006 2313
2009 2263
2010 2227
2011 2013
2013 2136
2013 2137
2013 2138
2015 2016
2017 2066
2017 2125
2021 2022
2023 2024
2025 2033
2026 2027
2028 2209
2028 2213
2031 2033
2031 2034
2032 2046
2032 2047
2032 2052
2033 2048
2033 2075
2033 2076
2033 2077
2037 2049
2043 2044
2044 2045
2049 2050
2049 2051
2053 2173
2053 2338
2054 2348
2057 2085
2060 2198
2061 2065
2063 2065
2064 2065
2069 2070
2069 2352
2070 2334
2071 2072
2072 2236
2072 2237
2074 2139
2075 2135
2077 2134
2080 2081
2081 2082
2082 2083
2082 2084
2084 2241
2085 2086
2086 2363
2087 2088
2087 2089
2087 2090
2089 2090
2090 2091
2091 2336
2091 2367
2092 2093
2093 2345
2093 2462
2095 2096
2102 2178
2102 2180
2106 2317
2109 2110
2109 2164
2109 2206
2111 2134
2112 2113
2113 2217
2122 2297
2124 2247
2127 2128
2128 2129
2130 2131
2132 2295
2133 2295
2133 2323
2134 2135
2140 2141
2140 2142
2146 2365
2147 2227
2148 2149
2149 2375
2151 2382
2154 2394
2170 2171
2172 2173
2172 2174
2178 2179
2179 2351
2181 2378
2182 2183
2185 2186
2186 2306
2188 2191
2191 2200
2197 2198
2197 2199
2198 2199
2201 2214
2202 2396
2209 2210
2209 2211
2209 2212
2209 2213
2210 2212
2211 2212
2224 2225
2231 2285
2232 2233
2232 2285
2233 2285
2234 2285
2236 2237
2236 2238
2236 2239
2240 2320
2241 2270
2243 2270
2243 2271
2244 2245
2253 2254
2253 2255
2255 2413
2256 2257
2265 2266
2267 2268
2273 2355
2273 2451
2274 2355
2276 2355
2276 2426
2278 2330
2279 2330
2280 2281
2280 2282
2285 2286
2286 2475
2289 2290
2289 2448
2291 2476
2295 2296
2298 2299
2302 2320
2304 2447
2307 2450
2321 2322
2336 2346
2341 2342
2342 2355
2343 2344
2345 2362
2349 2455
2359 2360
2363 2364
2363 2436
2377 2476
2378 2415
2383 2384
2388 2390
2388 2391
2410 2470
2416 2421
2427 2478
2435 2480
2453 2454
2459 2460
2461 2469
2462 2463
2462 2464
2462 2465
2462 2466
2465 2466
2469 2472
2471 2473
2483 2484
