0 134
1 43
1 88
1 290
1 382
2 100
3 34
3 42
3 204
4 16
4 38
4 39
4 77
5 85
5 295
6 15
6 102
6 104
7 61
8 436
9 106
10 97
10 344
10 374
11 15
12 13
12 35
12 52
12 103
12 440
13 38
13 101
14 59
14 182
14 444
15 20
16 106
16 197
17 64
17 233
18 97
18 72
18 73
18 74
18 260
19 35
19 98
19 189
20 79
21 42
22 116
23 73
23 27
23 223
23 309
24 54
25 382
25 26
25 365
25 449
25 450
26 106
26 52
26 59
26 62
26 80
26 92
27 109
27 124
27 155
27 448
28 36
28 63
28 326
28 401
29 67
29 417
30 105
30 455
31 62
31 93
31 227
32 326
32 438
33 88
33 61
34 107
35 165
36 88
36 207
36 453
37 376
38 47
38 90
38 254
40 279
41 185
41 406
41 461
42 313
43 73
44 338
45 169
45 268
45 285
46 106
46 63
46 65
47 100
47 178
47 282
48 54
49 96
49 149
49 164
49 334
50 83
51 342
51 434
52 61
52 55
52 89
52 96
53 104
53 254
53 83
53 127
54 387
54 411
55 233
56 386
57 335
58 105
58 96
59 124
60 107
60 78
61 324
62 75
62 87
62 267
63 326
64 95
64 265
66 91
66 315
68 101
69 416
69 469
70 264
70 270
71 160
71 363
72 447
73 124
74 178
75 243
76 100
76 297
77 82
77 129
77 140
77 182
77 306
80 428
81 474
82 142
83 392
84 87
84 315
85 325
86 104
86 185
86 434
87 190
87 466
91 99
92 112
92 417
93 101
93 325
93 457
94 423
95 167
95 468
96 134
97 318
97 358
99 411
100 386
101 361
103 251
104 180
104 389
104 435
106 232
106 261
107 150
107 408
108 176
108 437
108 480
109 156
110 469
110 148
110 181
111 189
111 334
111 153
112 147
113 136
113 292
114 115
114 145
114 489
115 137
115 166
116 208
116 225
117 325
118 179
119 132
120 158
120 168
120 277
121 170
121 215
122 348
123 188
124 452
125 148
125 212
126 248
128 156
129 177
129 199
130 218
131 136
131 158
131 490
132 209
133 209
134 156
135 141
136 144
138 373
139 151
139 183
140 178
141 389
141 172
142 367
143 169
143 167
144 165
144 177
145 176
145 405
146 149
146 177
147 365
147 155
148 169
148 375
151 170
151 397
151 491
152 210
152 253
152 492
153 333
154 167
154 193
155 213
155 372
156 169
156 179
156 345
156 487
157 461
158 254
158 474
159 316
160 334
160 276
160 305
161 187
161 217
162 200
163 389
163 485
164 463
165 327
165 427
165 460
166 203
166 209
168 309
168 266
170 171
170 256
172 415
173 260
173 282
173 420
174 177
175 498
175 499
176 272
178 394
180 326
180 208
180 341
180 483
181 488
182 190
182 202
182 445
184 450
184 191
185 194
185 462
186 474
186 208
186 214
188 193
190 477
191 257
192 307
193 493
194 410
195 197
195 505
196 222
196 332
196 403
197 446
198 251
200 205
201 341
202 283
203 316
205 348
205 212
205 248
206 468
206 421
207 213
208 318
211 369
213 274
215 310
216 273
216 459
217 263
218 263
219 260
219 264
220 243
220 306
220 400
221 225
221 246
222 235
222 429
224 239
225 457
225 271
225 381
226 447
227 240
227 272
227 458
228 297
228 487
228 236
228 300
228 479
229 335
229 480
229 281
229 351
230 313
230 474
231 244
232 240
232 258
233 344
233 245
233 304
234 313
234 311
235 241
235 296
235 301
236 449
236 313
236 411
236 414
236 426
237 405
237 288
237 291
238 338
238 240
239 453
240 266
240 252
241 292
242 246
242 280
242 302
243 255
244 293
245 307
246 279
246 318
247 267
249 275
249 308
250 267
252 308
252 368
254 280
256 389
256 496
257 300
259 373
259 274
260 298
260 300
261 283
261 484
262 286
263 444
263 311
264 388
265 296
265 315
265 371
267 272
267 348
267 467
269 459
269 304
270 285
272 370
272 501
273 296
273 301
276 290
278 366
282 294
283 506
284 298
284 289
285 439
286 340
287 480
287 508
288 291
288 314
290 353
291 306
293 315
293 486
293 425
296 314
299 309
299 513
301 318
303 359
304 505
305 392
305 394
306 461
306 460
312 361
315 383
316 353
317 383
317 393
318 339
318 373
318 481
319 401
319 437
320 448
321 388
322 477
323 374
323 401
323 332
323 395
324 330
326 333
326 405
326 446
327 495
328 515
329 512
331 361
331 356
332 372
333 334
333 466
333 339
333 381
333 414
334 438
334 385
334 407
335 355
335 381
336 347
337 416
337 377
338 342
338 411
340 354
340 378
341 370
341 378
341 399
342 405
343 404
344 387
344 410
344 438
345 347
346 398
347 367
349 393
350 385
350 360
351 493
352 365
353 359
353 396
354 410
355 360
355 364
357 408
358 482
359 444
361 405
361 413
362 478
363 366
364 400
366 378
367 375
367 380
367 391
368 376
369 406
370 409
374 439
375 443
379 395
379 385
379 441
380 381
380 419
380 422
381 465
382 386
382 400
384 477
384 519
387 404
387 465
389 403
390 398
391 482
393 505
398 439
399 503
400 453
400 404
400 412
400 484
402 520
404 507
404 516
406 414
410 413
412 489
417 454
418 469
418 465
419 467
420 497
420 431
423 479
424 484
424 486
424 520
424 522
425 506
425 511
425 512
426 509
427 458
428 471
428 472
428 473
430 431
432 466
432 524
433 440
433 505
433 515
434 464
436 437
438 459
440 441
440 442
440 443
441 492
442 461
442 508
443 518
445 503
447 470
450 451
451 458
452 453
454 497
455 456
457 478
457 470
458 508
458 504
459 507
459 467
460 476
460 477
465 487
468 480
471 523
474 475
474 476
476 499
476 512
476 511
478 490
478 517
480 485
480 486
481 506
483 502
485 494
493 494
493 504
499 500
501 510
503 510
504 512
513 514
520 521
