0 18
0 118
1 16
2 188
3 106
4 12
4 99
4 201
5 19
6 25
6 157
6 169
6 191
7 140
8 11
8 23
8 85
9 37
10 188
10 29
11 29
11 76
11 159
13 23
13 20
14 33
14 158
15 34
15 61
15 96
15 207
16 63
17 65
17 173
17 203
18 114
19 56
20 184
21 62
22 156
23 166
24 49
24 91
24 103
25 59
25 79
26 27
26 150
26 170
26 183
27 32
27 138
28 184
28 83
28 131
29 111
30 115
31 184
33 124
34 180
35 69
36 55
37 186
38 165
39 111
40 54
40 66
41 45
42 48
43 196
44 78
45 156
45 46
47 64
47 132
48 56
48 108
48 112
49 202
50 63
50 60
50 67
50 68
51 199
51 200
52 116
53 61
54 104
55 119
55 128
55 185
56 72
56 90
57 110
58 210
61 67
61 152
62 73
62 78
62 94
62 155
63 102
64 81
64 213
66 176
67 120
69 169
69 141
70 178
71 158
72 180
73 146
74 183
74 83
75 187
77 200
78 114
78 161
79 167
80 138
80 117
80 195
81 106
82 106
82 139
83 95
83 192
84 202
86 92
86 136
87 98
88 169
89 135
89 211
91 175
92 136
93 119
94 106
94 168
95 116
95 117
97 199
97 107
98 204
99 146
99 204
100 153
101 106
101 177
101 212
103 140
103 110
103 142
105 173
105 208
106 187
109 182
111 115
113 141
115 145
121 146
122 151
122 174
123 129
124 129
125 138
126 131
126 130
127 166
128 200
128 155
128 163
129 149
130 144
133 155
134 205
136 169
136 147
137 198
143 192
144 210
148 187
149 155
153 210
154 194
156 182
160 202
162 204
164 182
164 171
164 193
165 178
165 190
165 202
166 179
167 180
167 189
170 196
171 212
172 187
174 201
175 198
176 196
178 206
178 211
179 211
181 203
185 190
186 194
191 194
193 207
197 207
200 205
203 209
208 213
