0 2
0 3
0 5
0 6
0 7
0 8
0 9
0 10
0 11
0 12
0 13
0 14
0 15
0 16
0 31
0 47
1 2
1 5
1 7
1 9
1 10
1 13
1 14
1 15
1 16
1 40
2 4
2 6
2 10
2 11
2 12
2 14
2 16
2 28
2 37
2 46
3 4
3 6
3 7
3 8
3 9
3 10
3 12
3 13
3 14
3 15
3 16
4 5
4 8
4 10
4 11
4 13
4 14
4 15
4 16
4 33
5 6
5 7
5 10
5 12
5 13
5 15
5 16
5 20
5 46
6 7
6 8
6 9
6 11
6 12
6 13
6 15
6 49
7 8
7 11
7 12
7 13
7 14
7 15
7 44
8 9
8 12
8 13
8 14
8 15
8 16
8 19
8 25
8 27
8 45
8 48
9 10
9 11
9 12
9 13
9 15
9 16
9 43
10 11
10 12
10 15
10 16
10 28
11 12
11 14
11 15
11 16
11 30
11 46
12 13
12 15
12 30
13 15
13 16
14 15
14 16
14 25
15 16
15 19
32 33
32 18
32 19
32 20
32 21
32 22
32 24
32 25
32 26
32 27
32 28
32 29
32 31
32 37
33 17
33 18
33 19
33 21
33 22
33 23
33 25
33 26
33 27
33 28
33 30
33 31
17 18
17 19
17 20
17 21
17 23
17 24
17 25
17 26
17 27
17 28
17 29
17 31
18 19
18 20
18 22
18 26
18 27
18 28
18 30
18 31
18 46
18 49
19 20
19 21
19 22
19 24
19 25
19 26
19 27
19 28
19 30
19 31
19 41
19 48
20 21
20 22
20 24
20 25
20 26
20 27
20 30
20 31
20 46
21 22
21 23
21 24
21 25
21 26
21 27
21 28
21 29
21 30
21 31
21 34
21 48
22 23
22 25
22 26
22 27
22 28
22 30
22 31
22 38
23 24
23 25
23 26
23 27
23 28
23 29
23 30
24 25
24 26
24 28
24 29
24 30
24 31
25 26
25 27
25 28
25 29
25 30
25 31
25 34
25 39
25 45
26 27
26 29
26 31
27 28
27 31
27 39
27 41
27 46
28 29
28 30
28 31
28 48
29 30
29 31
30 42
31 38
31 45
34 35
34 36
34 37
34 38
34 39
34 40
34 41
34 42
34 44
34 45
34 46
34 48
34 49
35 36
35 38
35 40
35 42
35 43
35 44
35 45
35 46
35 47
35 48
35 49
36 37
36 38
36 41
36 42
36 43
36 44
36 46
36 47
36 49
37 38
37 40
37 41
37 42
37 43
37 45
37 46
37 47
37 48
37 49
38 39
38 40
38 43
38 44
38 45
38 46
38 47
38 48
39 40
39 41
39 42
39 43
39 44
39 45
39 47
39 48
39 49
40 41
40 43
40 44
40 45
40 46
40 47
40 48
40 49
41 42
41 43
41 46
41 47
41 48
41 49
42 43
42 45
42 47
42 48
42 49
43 47
43 48
43 49
44 45
44 46
44 47
44 48
45 46
45 47
45 48
45 49
46 47
46 48
46 49
47 49
48 49
