0 105
0 311
0 703
0 1895
0 1907
1 423
2 115
2 665
3 1050
3 1687
4 75
4 367
4 440
4 514
4 545
4 617
4 703
4 863
4 1022
4 1111
4 1570
4 1582
5 743
5 951
5 1178
5 1191
5 1760
6 201
6 406
6 409
6 651
6 902
6 985
6 1010
6 1074
6 1355
6 1524
6 1525
6 1526
6 1527
6 1666
7 567
7 1341
8 383
8 505
8 527
9 848
9 922
9 2112
10 1990
11 475
11 1334
11 2079
12 1216
13 780
13 1264
14 1282
14 1462
15 146
15 1773
16 151
16 492
16 650
16 817
16 902
16 1217
16 1259
16 1261
16 1427
16 1811
17 89
17 919
17 996
17 1055
17 1200
17 1284
17 1447
17 1448
17 1449
17 1450
17 1451
18 902
18 1845
19 346
19 902
20 90
20 721
20 1023
20 1110
21 78
21 1946
22 535
22 1145
22 2043
22 2047
22 2119
23 48
24 1393
24 1505
25 895
25 1566
26 414
26 1690
27 1719
28 90
28 574
28 702
28 786
28 907
28 1023
28 1090
28 1110
28 1697
28 1698
29 780
29 1162
30 1366
31 795
31 954
31 1393
31 1470
31 1558
31 1940
32 1611
32 1612
33 291
33 316
33 666
33 770
33 902
33 1012
33 1609
33 1838
34 182
34 1017
35 41
36 477
36 1196
36 1500
37 119
37 1322
37 1457
38 661
38 1677
39 312
39 1644
40 597
40 614
40 618
40 770
40 817
40 902
40 1836
41 915
41 955
41 1093
41 1286
41 1318
42 1020
43 1218
44 682
44 1471
44 2020
45 104
45 747
45 1493
46 524
46 939
46 1405
46 1466
46 1634
46 1883
46 1946
47 1193
48 823
48 1066
48 1183
49 722
49 1172
49 1537
49 1613
49 1709
49 1920
50 777
51 1061
51 1273
51 1489
51 1587
52 191
52 1302
53 228
53 1451
53 1962
54 368
54 390
54 730
54 962
54 1523
54 1931
55 351
55 384
55 424
55 428
55 591
55 690
55 779
55 876
55 1159
55 1213
55 1733
55 1952
55 1953
55 1968
55 2107
55 2117
56 383
56 427
57 1076
57 1383
58 2030
59 78
59 2094
60 1244
61 383
61 1369
62 1908
63 74
63 534
63 594
63 1419
63 1701
63 2091
64 79
64 87
64 216
64 837
65 224
65 243
65 600
65 691
65 889
65 1358
65 1429
65 1436
65 1600
65 1601
66 104
66 652
66 1645
67 660
67 1348
68 536
68 839
68 849
68 909
68 1855
68 1995
68 2034
69 1329
70 1115
70 1227
71 624
72 102
72 869
72 1369
72 1708
72 1807
73 2043
74 303
74 352
74 976
74 1072
74 2091
75 97
75 966
75 1181
76 363
76 900
76 969
76 1060
76 1295
76 1737
77 568
77 1325
78 2015
79 87
79 1150
79 2015
80 538
80 1530
81 1244
82 1139
83 131
84 670
85 383
85 644
86 599
86 1687
86 2118
87 506
87 837
87 842
87 2016
88 562
89 984
89 1297
90 980
90 1070
90 1110
90 1215
90 1450
90 1598
90 1604
90 1605
90 1667
91 492
91 666
91 902
91 1811
92 300
92 442
92 703
92 721
92 1094
92 1168
92 1370
92 1582
92 1583
93 643
93 761
93 924
93 1284
93 1778
94 549
94 720
94 907
94 1316
95 856
95 912
95 1034
95 1417
95 1518
95 1519
95 1690
95 1691
96 1117
96 1291
96 1393
97 367
97 440
97 617
97 703
97 863
97 1022
97 1111
97 1570
97 1582
98 596
98 1094
98 1384
98 1438
99 907
99 1047
99 1623
100 250
100 484
100 492
100 1900
101 289
101 710
101 721
101 1023
101 1049
102 590
102 1708
102 1807
103 605
103 846
103 1054
103 1993
104 747
104 1598
105 703
105 1895
106 298
107 685
108 1197
108 1889
109 2043
110 164
110 595
111 314
111 569
111 1107
111 1393
111 1645
111 1654
111 1822
112 977
112 1453
112 1455
113 336
114 1233
114 1547
114 1746
115 665
116 222
116 430
116 1703
116 1704
117 802
117 902
118 1148
119 1598
119 1873
120 1684
121 1135
121 1296
121 1541
122 208
122 2002
122 2040
123 1212
123 1356
124 251
124 960
124 1020
124 1385
124 1884
124 1973
124 1974
125 890
125 1146
126 466
126 492
127 923
127 1250
127 1458
128 1848
128 1849
129 1069
130 701
130 1883
130 1946
131 909
131 1995
132 136
132 509
132 553
132 1435
132 1987
132 2016
132 2084
133 499
134 142
134 255
134 279
134 638
134 967
134 1080
134 1540
134 1752
134 1754
134 1755
134 1926
135 916
135 1193
136 509
136 1842
136 1843
136 1987
136 2084
137 342
137 1306
137 1985
138 1580
138 1804
138 1903
139 383
140 453
140 1039
140 1683
141 835
141 1009
141 1864
142 944
142 1080
142 1193
142 1540
142 1752
143 1411
143 1997
144 492
144 618
144 666
144 770
144 902
144 1571
144 1811
145 703
146 375
146 881
146 1699
146 1773
146 1856
147 1022
148 1198
148 1762
149 547
149 1138
149 1684
149 2078
150 192
150 262
150 783
150 964
150 1826
150 1949
151 196
151 315
151 574
151 577
151 781
151 1261
151 1427
151 1811
151 1814
152 226
152 1231
152 1934
153 563
154 167
154 212
155 383
155 1508
155 1939
156 407
156 999
157 385
157 1090
157 1513
157 1640
158 1910
159 397
159 600
159 896
159 1358
159 1859
160 515
160 999
160 1094
160 1267
160 1370
160 1438
161 597
161 1140
162 581
163 902
163 1811
164 772
164 805
164 1286
164 1301
164 1681
164 1708
164 1853
165 581
166 536
166 1299
168 547
168 1244
168 1651
169 176
169 972
169 1061
169 1119
169 1145
169 1290
169 1388
169 1628
169 1684
169 1776
169 1777
169 2078
170 1424
171 614
172 1029
172 1933
173 1789
174 339
174 482
174 573
174 1531
174 1719
175 968
175 1387
175 1556
176 435
176 738
176 1138
176 1290
176 1684
176 2078
176 2106
177 489
177 799
178 1216
178 1687
178 2073
178 2118
179 1124
179 1196
179 2066
179 2070
179 2071
179 2072
180 289
180 1796
181 266
181 300
181 496
181 898
181 1384
183 822
183 982
184 899
184 1230
185 931
185 1154
185 1516
185 1734
186 649
187 902
187 1217
188 391
188 1160
188 1335
188 1854
189 1002
189 1180
190 351
190 1968
191 300
192 893
192 964
192 1794
192 1826
193 614
193 1217
193 1716
194 316
194 469
194 601
194 754
194 852
194 902
194 943
194 1321
194 1411
194 1656
194 1997
194 2041
195 417
195 1020
195 1263
196 385
196 781
196 817
196 1204
196 1217
196 1394
196 1513
196 1736
196 1811
197 1904
197 2062
198 264
198 795
198 1822
199 1709
200 615
200 1937
201 236
201 409
201 584
201 902
201 985
201 1010
201 1074
201 1217
201 1355
201 1665
201 1666
201 1702
202 504
202 1905
202 1906
203 262
204 468
205 968
205 1387
205 1711
206 1392
206 1992
207 1183
208 2040
209 2040
209 2051
210 693
210 810
210 1075
210 1913
211 1415
211 1897
212 504
213 472
213 697
214 370
214 564
214 748
214 1008
214 1652
214 1653
214 1943
215 780
215 1707
216 303
216 1816
217 677
217 1666
218 441
218 2105
219 1045
220 762
220 1109
220 1168
220 1294
220 1610
220 1698
221 1514
222 430
222 710
222 1703
222 1704
223 1088
223 2103
224 1541
225 1944
226 2030
227 1221
227 1476
227 1477
228 1962
229 1204
229 1366
229 1549
229 1714
229 1715
230 1468
230 1469
231 519
232 413
232 733
233 1347
233 1594
234 870
234 903
234 1101
234 1237
234 1564
234 1983
235 2043
236 406
236 584
236 713
236 1010
236 1074
236 1525
236 1585
236 1900
237 894
237 1491
237 1817
237 2099
238 466
238 1519
239 1798
239 2090
240 383
240 1369
241 925
241 1920
242 632
242 665
244 1411
245 560
245 1202
245 1309
245 1311
246 1451
247 374
248 1183
248 1663
248 1760
249 1604
249 1687
250 300
250 596
250 1384
250 1604
250 1876
251 960
252 793
252 1160
253 1782
254 397
254 896
254 1859
255 967
255 1080
255 1193
255 1752
255 1754
255 1755
255 1926
256 383
256 1044
256 1360
256 2091
257 822
258 868
259 417
260 850
260 963
260 1655
261 1137
261 2001
262 665
262 847
262 893
262 1826
263 1545
263 2081
264 522
264 1140
264 1375
264 1766
264 1767
264 1768
265 719
265 1023
265 1047
265 1538
265 1641
266 1109
266 1710
267 586
267 847
268 766
269 305
269 644
270 723
270 741
270 1422
270 1696
271 1399
271 1864
272 546
272 979
272 1073
272 1319
272 1573
273 500
273 912
273 1034
273 1417
273 1518
273 1519
273 1690
273 1691
274 352
274 1020
274 1265
274 1345
275 1058
275 1850
276 1839
277 359
277 1039
277 1485
277 1486
278 654
278 1181
278 1246
279 1080
279 1193
279 1752
279 1754
279 1755
279 1926
280 1254
280 2012
281 1969
282 1124
282 1595
282 1824
283 1891
284 824
284 1719
285 329
285 1877
286 1505
287 750
287 2099
288 972
289 353
289 570
289 655
289 965
289 980
289 1142
289 1201
289 1228
289 1370
289 1434
289 1438
289 1598
289 1604
290 1025
290 1779
291 523
291 542
291 574
291 604
291 647
291 666
291 770
291 774
291 902
291 1007
291 1033
291 1279
291 1411
291 1571
291 1727
291 1811
291 1813
291 1815
292 1838
293 1040
293 1058
293 1244
293 1952
294 1396
294 1483
295 635
295 1104
295 1963
295 2083
296 305
297 1109
297 1168
298 1344
298 1473
298 1930
299 600
299 1358
299 2017
300 442
300 496
300 596
300 618
300 628
300 703
300 793
300 866
300 938
300 1046
300 1094
300 1168
300 1302
300 1370
300 1384
300 1438
300 1687
300 1766
300 1767
301 704
301 942
302 1053
302 1449
302 1631
302 1659
303 352
303 457
303 507
303 1072
303 1419
303 2091
304 547
304 1137
304 1608
305 792
305 1374
305 1968
306 1968
307 540
307 541
307 689
307 2030
307 2090
307 2093
308 1002
308 1258
308 1689
309 767
309 964
310 679
310 1790
311 329
311 703
311 711
311 762
311 866
311 988
311 1481
311 1877
311 2066
312 480
312 544
312 726
312 1036
312 1314
313 383
314 569
314 1393
314 1940
315 492
315 650
315 666
315 902
315 1033
315 1362
315 1518
315 1697
316 770
316 1342
317 417
317 1020
317 1263
318 802
318 902
319 1717
320 573
320 1421
321 1138
321 2078
322 649
322 993
323 334
324 963
325 410
325 1432
325 1850
326 1089
327 1000
327 1218
327 2056
328 1145
328 1776
328 2077
329 866
329 988
330 1837
331 408
332 876
332 953
332 2107
333 1711
334 771
334 1000
334 1712
335 1193
336 2022
337 1502
337 1517
338 615
339 423
339 458
339 1646
339 1649
340 588
340 1353
341 902
341 1217
342 614
342 902
342 1511
342 1839
343 1084
343 1224
344 431
344 653
344 1021
344 1031
344 1229
345 1678
346 1218
347 1114
347 1748
348 419
348 606
348 1655
349 1573
350 425
350 543
351 365
351 583
351 591
351 1219
351 1603
351 1711
351 1890
351 1891
351 1968
352 457
352 525
352 534
352 594
352 930
352 941
352 1020
352 1072
352 1115
352 1175
352 1419
352 1769
352 1785
352 1847
352 1969
352 1970
352 1971
352 1972
352 2091
353 655
353 1434
354 1638
355 1201
355 1440
356 674
356 1415
357 383
357 533
358 551
358 1182
358 1286
359 492
359 902
359 1144
359 1485
359 1656
359 1811
360 1883
360 1946
360 1947
361 489
361 799
362 1521
362 1816
364 518
366 619
367 474
367 1186
367 1208
368 390
368 730
368 1523
368 1931
369 651
369 703
369 988
370 748
370 869
370 1652
370 1853
370 1958
371 383
372 941
372 1970
373 579
373 804
373 843
373 1579
374 454
374 1382
375 910
375 1252
375 1515
375 1565
375 1581
375 1774
375 1882
375 2062
376 410
376 2029
377 410
377 434
377 942
378 408
379 1188
380 661
380 1233
380 1297
381 1390
381 1490
382 893
382 964
383 387
383 417
383 422
383 427
383 439
383 511
383 567
383 643
383 644
383 744
383 761
383 880
383 893
383 957
383 961
383 1044
383 1063
383 1069
383 1105
383 1207
383 1230
383 1289
383 1307
383 1331
383 1360
383 1407
383 1414
383 1508
383 1551
383 1847
383 1896
383 1897
383 1915
383 1930
383 1952
383 1998
383 2024
383 2058
383 2059
383 2060
384 669
384 1614
385 770
385 902
385 1217
385 1247
386 770
386 902
386 1321
386 1633
386 1811
387 1847
388 539
388 796
388 809
388 1617
388 1618
389 1366
389 1377
389 1865
390 730
390 962
390 1523
390 1753
392 407
392 566
392 919
392 1226
393 2039
394 1188
395 799
396 642
396 1311
397 936
397 1821
397 2012
398 451
398 1559
399 555
400 1183
400 1865
401 446
401 1863
402 712
402 1890
402 1891
402 1965
403 408
403 1673
404 1671
405 1143
405 1733
406 409
406 492
406 597
406 902
406 985
406 1010
406 1074
406 1217
406 1355
406 1524
406 1665
406 1666
406 1860
407 1502
408 462
408 1358
408 1454
408 1522
408 1544
408 1673
409 584
409 651
409 713
409 1010
409 1074
409 1217
409 1525
409 1527
409 1665
409 1666
409 1702
409 1900
410 504
410 559
410 586
410 807
410 834
410 847
410 1155
410 1331
410 1432
410 1650
410 1851
410 2029
411 492
411 1640
411 1697
411 1740
412 926
412 1079
412 1695
413 1108
413 1452
415 902
415 935
416 741
416 1330
416 1883
417 524
417 1020
417 1133
417 1207
417 1230
417 1289
417 1369
417 1545
417 1639
417 1905
417 1932
418 1385
418 1965
419 536
419 692
419 919
419 1664
420 641
420 1565
421 1427
423 426
423 729
423 1647
423 1648
423 1712
424 1590
424 1711
424 1891
424 1968
424 1998
425 1039
425 1596
428 1603
429 1909
430 702
430 912
430 1023
430 1097
430 1417
430 1518
430 1519
430 1704
430 1705
430 1706
431 660
431 763
431 1543
432 820
432 1617
433 1587
434 559
434 592
434 622
434 831
434 937
434 983
434 1155
434 1650
434 1802
434 1850
435 1096
435 2015
436 819
436 1550
436 2082
437 1175
438 1174
438 1837
438 1869
440 629
440 809
440 1371
440 1548
440 1597
442 1302
443 1649
443 1935
444 569
444 936
444 1393
444 1589
445 1635
447 1362
447 1837
448 1773
448 2062
449 1015
449 1651
449 1908
449 1913
449 1945
450 597
450 618
450 985
450 1355
450 1511
450 1526
450 1577
450 1666
452 1363
453 1056
453 1578
453 1818
453 1819
454 644
455 1269
456 1903
457 1785
458 1531
458 1649
459 519
459 1902
460 1265
461 2030
462 600
462 904
462 936
462 977
462 1241
462 1358
462 1453
462 1492
463 1771
463 1999
463 2000
464 1053
464 1449
464 1631
464 1659
464 1672
465 693
466 1085
466 1215
466 1417
466 1518
466 1519
467 718
467 869
467 1460
468 1193
468 1195
468 1931
468 2113
469 492
469 754
470 947
470 1230
470 1742
471 846
471 2002
472 697
472 1386
473 1433
474 617
475 1787
476 1056
478 1932
479 822
480 1036
480 2109
481 1468
482 926
483 1334
484 1398
484 1566
484 1604
484 1657
484 2092
485 1897
486 1529
486 1961
486 2043
487 521
487 613
487 1083
487 1595
488 1728
489 757
489 799
490 918
490 919
491 1898
492 574
492 584
492 647
492 651
492 1034
492 1226
492 1328
492 1411
492 1413
492 1583
492 1656
492 1687
492 1715
492 1723
492 1724
492 1725
492 1726
492 1727
493 1498
494 904
495 1326
496 1710
496 1925
497 762
497 1006
497 1698
498 706
498 797
498 1711
499 822
499 844
499 975
500 1034
500 1085
500 1417
500 1691
501 981
501 1674
502 873
502 902
503 508
503 663
504 1062
504 1416
504 1637
504 1851
505 1409
505 2063
506 598
508 1498
508 1575
509 1435
509 1842
509 1844
509 1987
510 1078
510 1145
511 641
511 974
511 1959
512 1445
513 1051
513 1350
513 1572
514 670
514 863
515 596
515 618
515 1286
515 1322
515 1384
516 1442
517 1244
518 902
520 991
520 1169
521 633
521 1954
522 630
523 770
523 902
523 1640
523 1727
523 1811
524 1020
524 1289
524 1639
526 1232
527 911
527 1127
527 1924
528 1002
528 1180
528 1801
528 1802
529 582
530 1468
531 1499
531 1535
532 762
533 761
533 792
533 1451
533 1711
533 1778
533 1968
534 672
534 1593
536 692
536 992
536 1855
537 1761
538 1530
539 796
542 902
542 1259
542 1362
542 1811
542 1838
542 1963
544 2097
545 863
545 1582
546 1573
546 1636
547 1373
547 1628
547 1651
548 2043
549 884
549 958
549 1047
549 1168
549 1181
549 1376
549 1484
549 1605
549 1662
549 1698
550 573
550 1010
550 1262
550 1363
550 1665
551 1861
552 1409
553 959
553 1685
554 1021
554 1782
555 1131
556 644
556 1359
556 1592
556 1896
556 2105
557 1123
557 1379
558 579
558 843
558 853
558 1868
559 592
559 847
559 1155
559 1248
559 1382
559 1418
559 1749
561 1046
562 1863
563 721
563 798
563 1023
563 1204
563 1820
564 869
564 1853
564 1958
565 603
565 874
565 1052
565 1478
565 1498
565 1547
565 1567
566 1448
568 1182
569 1487
569 1488
570 1604
571 745
571 1244
571 1602
572 1541
573 985
573 1132
573 1363
573 1424
573 1719
573 1799
573 1800
574 650
574 666
574 710
574 770
574 857
574 902
574 1217
574 1259
574 1406
574 1427
574 1518
574 1811
574 1846
574 1857
575 908
575 1622
575 1821
576 685
576 1049
577 650
577 817
577 1259
577 1261
577 1811
578 687
579 1068
579 1492
579 1494
580 946
581 1196
581 1642
581 1643
582 987
582 1757
583 1977
584 713
584 1010
584 1074
584 1525
584 1585
584 1900
585 1130
585 1332
586 1439
587 1984
587 1990
588 934
588 1152
588 1624
589 812
589 1952
589 1959
590 696
590 791
591 744
591 1385
591 1451
591 1891
591 1953
591 1998
592 1650
592 1851
593 723
593 1883
594 840
595 1861
596 1370
596 1604
596 1698
597 659
597 713
597 1666
599 1661
599 2069
601 1499
601 1811
602 1310
602 2079
603 737
604 770
604 902
604 1640
604 1727
604 1811
605 1173
605 1442
605 1472
606 1001
606 1501
606 1888
607 1651
608 1432
609 913
609 1437
609 1779
610 1489
610 2003
611 2020
612 657
612 927
613 1595
614 902
614 1306
614 1391
614 1525
614 1527
614 1839
614 1985
616 710
616 739
616 824
616 902
616 985
616 1217
616 1355
616 1397
616 1839
616 1950
616 1951
618 739
618 770
618 902
618 985
618 1010
618 1023
618 1217
618 1306
618 1355
618 1370
618 1391
618 1397
618 1640
618 1665
618 1697
618 1698
618 1805
618 1811
618 1839
618 1872
618 1927
618 1994
619 1061
620 1612
621 1094
622 1190
623 821
623 1574
624 1541
625 902
625 1114
626 1559
627 1446
628 720
628 1006
628 1094
629 809
629 1548
630 1528
631 1559
632 665
633 766
633 778
634 939
634 1634
635 901
635 1402
636 1306
636 1536
636 1805
636 1806
636 1839
636 1900
637 1389
637 1735
638 667
638 1193
638 1752
639 833
639 956
639 1660
639 1889
639 2115
640 1106
640 1221
640 1477
641 974
641 1515
641 2010
642 714
642 995
643 761
643 1300
643 1778
644 1592
644 1827
644 1896
645 1793
645 1941
646 1049
647 902
647 1168
647 1598
648 1071
648 1900
649 1000
649 1218
649 1339
649 1461
650 666
650 770
650 1033
650 1261
650 1427
650 1571
650 1740
650 1814
651 902
651 985
651 1010
651 1217
651 1355
651 1666
652 809
652 902
652 1548
652 1812
654 1023
654 1181
654 1294
656 753
656 1314
656 1660
656 1979
657 825
657 927
658 951
658 1758
659 1585
660 1348
660 2031
661 1020
661 1676
662 977
662 1453
662 1673
663 1233
663 1285
663 1478
663 1479
663 1495
664 718
664 1459
664 1460
665 784
665 905
665 1317
665 1829
666 770
666 781
666 902
666 1012
666 1017
666 1033
666 1571
666 1811
666 1900
667 678
667 735
667 765
667 967
667 1752
668 1298
669 744
669 1614
670 863
671 1967
672 1150
672 1593
672 2091
673 804
673 883
673 1019
673 1135
673 1456
673 1541
674 1280
674 1415
675 729
676 1468
676 1564
679 787
679 1720
679 1790
679 2057
680 770
680 1217
680 1691
681 869
682 1395
683 762
683 1168
683 1610
683 1698
684 1883
685 1023
685 1514
686 902
686 1328
686 1832
686 1839
687 829
687 1143
688 1809
689 1004
691 799
691 1600
691 1853
692 849
692 854
692 1664
693 1075
693 1982
694 717
694 1472
695 2018
695 2074
696 787
696 1020
696 1280
696 1369
697 1918
698 886
699 936
699 1859
699 1868
700 1243
700 1351
700 1532
700 1533
700 1534
701 1278
701 1883
701 1973
702 1703
703 907
703 932
703 1023
703 1181
703 1183
703 1191
703 1536
703 1713
703 1895
703 1907
705 1214
705 1670
706 712
706 1891
707 743
707 1191
708 1591
708 1592
709 1238
709 1771
710 793
710 943
710 1028
710 1033
710 1034
710 1571
710 1606
710 1691
710 1830
710 1902
710 1951
711 1877
711 1966
711 2066
712 1155
713 902
713 985
713 1010
713 1074
713 1217
713 1355
713 1665
713 1702
713 1900
714 995
714 1629
714 1789
715 1043
715 1718
716 1511
716 1938
717 1092
717 1170
717 1472
718 1874
719 1112
720 907
720 1006
720 1047
720 1282
720 1316
720 1462
720 1531
720 1772
721 793
721 1013
721 1047
721 1181
721 1686
721 1739
721 1740
723 947
723 1742
723 1883
723 2052
724 1370
725 1798
727 788
728 772
729 1054
729 1646
729 1975
729 2039
729 2043
730 1193
730 1343
731 1193
732 921
734 1164
735 1523
735 1752
736 1928
736 1988
736 1989
737 874
737 1052
737 1478
737 1498
737 1547
737 1567
738 1096
738 2015
739 813
739 902
739 1217
739 1839
740 1763
741 1947
742 1272
742 1563
743 951
743 1191
743 1194
743 1760
744 779
744 1614
744 1770
744 1829
745 867
746 1144
746 1391
746 1542
748 869
748 1008
748 1460
748 1652
748 1653
748 1708
748 1853
748 1958
749 869
749 1008
749 1708
750 1367
751 1920
752 1177
752 1443
752 2043
754 1656
754 1838
755 2003
756 1158
756 1237
758 1128
759 1193
760 1084
762 988
762 1481
762 1610
763 1543
764 769
764 1840
767 964
767 1680
768 1002
768 1808
768 1809
769 938
770 774
770 781
770 817
770 943
770 1033
770 1084
770 1261
770 1279
770 1394
770 1513
770 1549
770 1571
770 1656
770 1714
770 1715
770 1811
770 1813
770 1815
770 1834
770 1836
770 1858
771 1898
773 1177
773 1981
774 902
774 1640
774 1727
774 1811
775 1024
775 1082
775 1568
775 1730
775 1732
775 1865
776 1280
777 1174
777 1541
777 1743
779 1213
780 1162
780 1305
780 1707
781 817
781 1047
781 1857
782 1381
782 1391
782 1901
785 1054
785 1405
785 1466
786 902
786 1597
786 1811
787 805
787 1380
787 1407
787 2057
788 1064
788 1198
789 1446
790 1912
790 2043
791 1807
793 902
793 1023
793 1160
793 1228
793 1513
793 1578
793 1687
794 2007
794 2008
794 2009
795 841
795 954
795 1201
795 1558
796 1618
797 1415
797 1968
798 1820
799 1600
799 1881
800 1237
800 1386
801 1576
801 1577
802 1835
802 1933
803 1612
804 1358
804 1492
804 1937
806 825
806 927
806 1669
808 902
809 1090
809 1148
809 1485
809 1549
809 1597
811 1692
811 1693
813 1217
813 1391
813 1397
814 894
814 972
814 1489
814 1817
814 2099
815 1283
815 1909
816 1035
817 1261
817 1811
818 1139
819 2082
822 1002
824 1805
824 1806
825 927
825 1669
826 1969
827 1175
827 1317
828 1116
828 1739
830 2011
830 2062
831 1451
831 1675
832 928
832 1758
832 2075
835 1009
835 1117
835 1399
836 1349
836 1694
838 893
838 921
838 981
838 1827
838 1828
840 891
840 1020
840 1405
840 1466
840 1515
841 2035
843 1068
843 1492
843 1494
844 1336
845 1183
845 1663
845 1760
847 1650
847 1680
849 1855
850 1211
850 2027
851 1511
852 902
852 906
852 1217
852 1513
852 1811
852 1839
853 1859
853 1868
854 992
854 1423
855 1103
855 1611
855 2013
856 885
857 1033
857 1324
858 1150
858 1521
859 1884
860 1824
861 1863
861 1937
862 1113
864 1895
865 1358
867 1145
867 1602
868 1365
868 1401
869 1301
869 1652
869 1653
870 1237
870 1983
871 1158
872 1187
872 1221
874 1146
874 1478
874 1498
874 1547
875 1163
875 1455
875 1630
877 1808
877 1974
878 1556
879 1028
881 1699
881 1856
881 2055
882 1082
883 1456
883 1859
883 1863
883 1937
884 907
884 1316
884 1536
885 907
885 1003
885 1047
885 1389
885 1536
885 1735
886 1218
887 894
887 1817
888 1403
892 1781
893 964
893 1473
893 1825
893 1826
893 2104
894 1086
894 1290
894 1489
894 1490
894 1491
895 2017
896 902
896 1859
897 1049
897 1154
898 1109
898 1384
898 1710
900 1067
900 1468
900 1506
902 935
902 999
902 1005
902 1012
902 1025
902 1033
902 1042
902 1045
902 1084
902 1153
902 1259
902 1261
902 1275
902 1279
902 1287
902 1320
902 1321
902 1333
902 1362
902 1394
902 1397
902 1404
902 1411
902 1413
902 1511
902 1513
902 1542
902 1549
902 1571
902 1585
902 1656
902 1687
902 1714
902 1715
902 1716
902 1723
902 1724
902 1728
902 1740
902 1812
902 1813
902 1814
902 1830
902 1831
902 1832
902 1833
902 1834
902 1835
902 1836
902 1837
902 1838
902 1839
902 1840
903 1284
905 2029
906 1900
907 1023
907 1110
907 1168
907 1242
907 1316
907 1338
907 1462
907 1529
907 1530
907 1531
907 1605
908 1234
910 1169
910 1773
910 1774
910 1882
911 1415
912 1691
912 1703
913 1326
913 1779
913 1964
914 1113
914 1671
914 1729
915 1256
917 1258
917 1516
918 992
919 1637
919 1823
920 1233
920 1478
920 1781
921 1674
922 2112
923 1023
923 1181
924 1778
925 1346
925 1709
925 1920
925 1921
927 1383
927 1669
927 1894
928 1270
928 2075
929 1753
930 976
933 1176
933 1476
934 1353
936 1589
936 1859
936 1919
936 2012
937 1141
937 1380
937 1711
937 1968
938 1925
940 1719
943 1764
943 1811
945 1131
945 1144
946 1206
946 1286
946 1318
946 1892
948 1174
949 1268
950 1023
950 1641
951 1191
951 1368
951 1761
952 1400
956 1277
958 997
958 1181
958 1364
958 1485
958 1486
960 1405
960 1466
963 1211
963 2049
965 1201
966 1902
967 1193
967 1752
968 1387
968 1556
970 1487
971 1529
971 1635
972 1290
972 1776
973 1879
974 1515
974 1959
976 1072
976 1419
976 1463
976 2091
977 1454
977 1455
977 2065
978 1462
979 1073
979 1636
980 1393
982 1978
985 1074
985 1363
985 1375
985 1525
985 1527
985 1702
985 1719
985 1900
986 1580
986 1739
986 1797
986 1798
987 1757
988 1481
989 1281
989 2007
989 2008
989 2009
990 1971
993 1218
993 1574
993 1895
994 1358
995 1185
995 1629
997 1030
997 1364
997 1484
997 1485
997 1486
997 1597
997 1871
998 2073
999 1267
999 1438
1000 1160
1000 1504
1000 1655
1000 1990
1001 1501
1001 1502
1002 1180
1002 1258
1002 1563
1002 1801
1002 1802
1002 1808
1003 1023
1003 1242
1003 1316
1003 1338
1003 1462
1003 1529
1003 1530
1003 1531
1003 1895
1004 1557
1004 2090
1005 1217
1006 1046
1006 1433
1006 1687
1007 1321
1008 1853
1008 1958
1009 1864
1010 1074
1010 1217
1010 1524
1010 1525
1010 1527
1010 1702
1010 1900
1011 1748
1012 1571
1013 1023
1013 1182
1014 1092
1014 1100
1014 1956
1015 1283
1015 1771
1016 1711
1017 1084
1017 1381
1017 1571
1017 1901
1017 1902
1017 1951
1018 1174
1019 1456
1020 1118
1020 1142
1020 1149
1020 1405
1020 1466
1020 1545
1020 1639
1020 1696
1020 1701
1020 1769
1020 1932
1020 1959
1023 1047
1023 1110
1023 1144
1023 1181
1023 1228
1023 1389
1023 1538
1023 1686
1023 1697
1023 1703
1023 1739
1023 1740
1023 1875
1024 1569
1025 1686
1026 1687
1027 1378
1027 1859
1027 1863
1030 1209
1030 1364
1032 1570
1033 1259
1033 1406
1033 1518
1033 1811
1034 1691
1035 1418
1036 2109
1037 1777
1038 1447
1039 1249
1039 1462
1039 1597
1039 2053
1041 1865
1045 1511
1046 1050
1046 1698
1047 1242
1047 1316
1047 1536
1047 1542
1048 1671
1048 2099
1049 1514
1050 2080
1051 1515
1052 1233
1052 1478
1053 1631
1053 1659
1053 1672
1054 1095
1055 1451
1055 1696
1057 1155
1057 1387
1057 1552
1057 1553
1057 1554
1057 1555
1057 1556
1059 2015
1061 1244
1061 2061
1064 1581
1065 1111
1065 2006
1067 1073
1067 1566
1067 1657
1068 1492
1070 1077
1070 1120
1072 1419
1072 1463
1073 1319
1073 1636
1074 1217
1074 1525
1074 1527
1074 1665
1074 1702
1074 1900
1075 1913
1076 1317
1076 1383
1076 1894
1077 1120
1079 1695
1080 1540
1080 1752
1080 1754
1081 1660
1082 1225
1082 1569
1082 1730
1082 1732
1084 1224
1084 1410
1084 1621
1085 1417
1085 1518
1085 1865
1086 1491
1086 1817
1087 1175
1088 2043
1089 1473
1090 1217
1090 1394
1090 1548
1090 1805
1091 1268
1092 2110
1092 2111
1093 1256
1095 1403
1097 1703
1098 1559
1099 1268
1101 1237
1101 1468
1101 1983
1102 1324
1102 1507
1104 1452
1107 1487
1108 1452
1108 1963
1109 1384
1109 1410
1109 1610
1110 1204
1110 1686
1110 1687
1110 1698
1111 2006
1112 1538
1112 1641
1115 1227
1115 1785
1115 2091
1116 1798
1117 1864
1118 1122
1119 1145
1119 1189
1119 1290
1119 1388
1121 1389
1122 2081
1124 1559
1125 1474
1126 1379
1128 1281
1128 1829
1129 2084
1131 1144
1134 1139
1135 1358
1135 1456
1136 1559
1137 1373
1137 1948
1137 2078
1138 2078
1139 1183
1139 1304
1139 1308
1139 2048
1140 1459
1141 1365
1141 2104
1143 1244
1143 1266
1144 1372
1145 1196
1145 1361
1145 1388
1145 1944
1145 2002
1145 2044
1145 2061
1145 2089
1146 1967
1147 1186
1148 1548
1150 1269
1151 1417
1151 1499
1151 1691
1152 1353
1154 1286
1154 1318
1154 1325
1155 1551
1155 1650
1156 1823
1157 1368
1159 1711
1161 1561
1162 1786
1163 2076
1164 1198
1164 1775
1165 1516
1166 1515
1167 2011
1168 1583
1168 1610
1170 1472
1171 1934
1172 1613
1173 1491
1174 1599
1175 1428
1175 1968
1176 1477
1176 1482
1176 1483
1177 1773
1177 1981
1178 1574
1179 1719
1181 1242
1181 1376
1181 1484
1181 1514
1181 1535
1181 1536
1181 1537
1182 1234
1182 1370
1182 1516
1183 1223
1183 1240
1183 1376
1184 2026
1186 1738
1188 1395
1188 1396
1188 1482
1188 1483
1188 1539
1189 1388
1189 1693
1189 1874
1190 1968
1191 1278
1191 1655
1191 1713
1191 1759
1191 1760
1192 1503
1193 1276
1193 1357
1193 1751
1193 1752
1193 1753
1193 1754
1193 1755
1193 1756
1193 1757
1194 1713
1195 1752
1195 1931
1196 1529
1196 1588
1197 1726
1198 1252
1198 2011
1198 2068
1199 1900
1199 2013
1200 1297
1201 1440
1202 1477
1203 1468
1203 2096
1204 1245
1204 1549
1204 1714
1204 1715
1204 1820
1205 1415
1207 1451
1209 1364
1210 2023
1212 1627
1213 1551
1213 1968
1214 1551
1215 1518
1215 1519
1217 1391
1217 1397
1217 1511
1217 1513
1217 1525
1217 1527
1217 1806
1217 1833
1218 1615
1218 1616
1220 1883
1221 1476
1222 1272
1222 1853
1223 1228
1223 1791
1223 1925
1228 1583
1228 1875
1228 1925
1230 1289
1230 1447
1230 1732
1232 1843
1232 1889
1233 1285
1233 1479
1233 1496
1233 1575
1234 1821
1235 1837
1236 1719
1237 1469
1237 1955
1237 1983
1237 2114
1238 2028
1239 1889
1240 1663
1240 1760
1241 1358
1242 1535
1242 1536
1242 1960
1243 1351
1243 1533
1244 1475
1244 1829
1244 2018
1245 1302
1246 1871
1247 1313
1247 1417
1248 1382
1248 1650
1249 1700
1251 1513
1252 1762
1252 1775
1253 2087
1253 2088
1254 1296
1255 1786
1257 1358
1257 1520
1258 1600
1259 1261
1259 1716
1260 1420
1260 1983
1260 2114
1261 1427
1261 1811
1263 1932
1264 1810
1265 1769
1267 1438
1268 1570
1271 1922
1272 1563
1272 2064
1274 1812
1275 1938
1276 1759
1277 1658
1277 2109
1278 1884
1283 1771
1285 1500
1285 2033
1286 1318
1286 1370
1286 1892
1287 1511
1288 1745
1288 2051
1289 1369
1289 1639
1290 1388
1290 1594
1290 1776
1290 1777
1290 1817
1292 1779
1293 1911
1294 1662
1297 1474
1297 1721
1297 1722
1298 1922
1299 1312
1302 1384
1303 1914
1305 1405
1305 1466
1306 1542
1306 1640
1306 1805
1306 1839
1306 1900
1310 2093
1313 1513
1315 1888
1318 1892
1319 1636
1320 1811
1320 1927
1322 1370
1323 1946
1324 1507
1325 1514
1327 1831
1328 1727
1328 1832
1329 1574
1330 1422
1330 1696
1330 1883
1331 1891
1332 1596
1334 1625
1335 1854
1336 1929
1337 1408
1338 1530
1340 1816
1342 1765
1344 1473
1344 2050
1344 2104
1345 1939
1345 2057
1349 1878
1349 1879
1350 1572
1351 1533
1352 1687
1353 1624
1354 1638
1355 1375
1355 1525
1355 1527
1355 1702
1356 2093
1357 1752
1358 1522
1358 1544
1358 1599
1358 1859
1358 2017
1361 2002
1362 1838
1364 1446
1364 1485
1366 1377
1366 1427
1366 2025
1366 2026
1369 1783
1369 1807
1369 1897
1369 1952
1369 2057
1370 1384
1370 1598
1370 1604
1370 2085
1372 1542
1373 1608
1375 1665
1377 1865
1378 2012
1379 1631
1379 1632
1379 1672
1380 2029
1382 1650
1384 1604
1384 1698
1384 1710
1386 1468
1387 1551
1389 1735
1389 1736
1391 1485
1391 1542
1392 1990
1393 1487
1393 1488
1394 1687
1394 1811
1394 1813
1394 1858
1396 1495
1397 1839
1399 1864
1399 2087
1400 1697
1404 1865
1408 1514
1409 2067
1409 2068
1411 1997
1412 1581
1412 2062
1413 1665
1413 1839
1413 1900
1415 1425
1415 1554
1417 1703
1417 1910
1419 1463
1419 2091
1422 1883
1424 1719
1425 1711
1425 1968
1426 1716
1427 1839
1429 1436
1430 1620
1431 1838
1432 1893
1432 1915
1435 1711
1441 1611
1443 2030
1444 1470
1444 1750
1445 1465
1445 2037
1445 2038
1446 1485
1446 1871
1447 1516
1449 1468
1449 1659
1449 1782
1451 1503
1451 1624
1451 1733
1453 1454
1453 1455
1453 2065
1456 1541
1457 1597
1460 1681
1460 1682
1460 1741
1462 1536
1464 1465
1465 1619
1467 1468
1467 1469
1468 1564
1468 1983
1468 2096
1470 1471
1471 1870
1471 1967
1473 1474
1473 1475
1476 1477
1477 1495
1478 1479
1480 1481
1482 1483
1483 1539
1483 1717
1484 1485
1484 1486
1485 1548
1485 1597
1485 1871
1486 1597
1487 2036
1489 1817
1489 2099
1490 1620
1490 1626
1490 1817
1490 2028
1491 1817
1491 1911
1492 1493
1492 1494
1494 1868
1495 1496
1495 1497
1495 1498
1501 1502
1502 1517
1502 1615
1505 1506
1509 1510
1510 1561
1511 1512
1511 1513
1513 1839
1513 1900
1514 1859
1515 1996
1516 1899
1516 1923
1518 1703
1518 1895
1519 1703
1523 1753
1524 1666
1525 1585
1525 1666
1526 1666
1526 1702
1527 1585
1527 1666
1529 1635
1531 1536
1531 1719
1532 1533
1533 1534
1534 1948
1535 1960
1536 1961
1538 1641
1541 1718
1542 1583
1542 1640
1542 1872
1542 1986
1545 1546
1547 1746
1548 1549
1548 1597
1549 1714
1549 1715
1550 1920
1550 1922
1551 1552
1551 1553
1551 1554
1551 1555
1551 1556
1554 1711
1557 2030
1558 1859
1558 1863
1559 1560
1559 1561
1559 1562
1561 2019
1563 2064
1565 2010
1568 1569
1569 1730
1569 1732
1569 1865
1571 1811
1571 1839
1571 1900
1573 1636
1574 1895
1576 1577
1577 1665
1577 1666
1580 1798
1582 1583
1582 1584
1586 1587
1587 1777
1587 2078
1589 1859
1589 1919
1589 2012
1590 1711
1590 1968
1592 2101
1592 2105
1593 2091
1597 1598
1598 1605
1598 1667
1598 1873
1599 1600
1599 1601
1599 1869
1603 1891
1604 1766
1604 1767
1604 1768
1606 1607
1608 2078
1610 1698
1615 1844
1619 1707
1620 2028
1622 1821
1625 1626
1626 2028
1627 1628
1628 1651
1631 1632
1632 1672
1635 2043
1638 1914
1640 1725
1644 1841
1646 1647
1646 1648
1652 1653
1652 1853
1652 1958
1653 1853
1653 1958
1654 1863
1656 1811
1656 1838
1657 2017
1660 1979
1665 1666
1665 1667
1665 1668
1666 1690
1668 2108
1671 1729
1676 1677
1678 1679
1678 1680
1681 1682
1682 2102
1683 1824
1687 1811
1687 1840
1688 1689
1690 1715
1691 1976
1692 1693
1696 1883
1696 1946
1697 1714
1697 1715
1697 1716
1700 1957
1702 2036
1703 1704
1703 1705
1703 1706
1705 1706
1708 1807
1711 1891
1711 1952
1711 1953
1714 1715
1716 1837
1716 1838
1720 1861
1724 1938
1725 1813
1727 1815
1728 1852
1730 1731
1730 1732
1730 1733
1733 2098
1740 1875
1744 1745
1745 2014
1747 1748
1751 1752
1752 1754
1752 1755
1752 1926
1752 1931
1754 1755
1754 1926
1755 1926
1762 2068
1763 1764
1766 1768
1770 1771
1773 1774
1774 1882
1775 2068
1776 1777
1779 1964
1780 1781
1782 1783
1782 1784
1787 1788
1792 1793
1792 1794
1793 1941
1795 1796
1803 1804
1803 2090
1804 1903
1804 2090
1805 1839
1805 1900
1805 1928
1806 1839
1806 1900
1808 1809
1811 1812
1811 1813
1811 1814
1811 1815
1825 1826
1830 1900
1830 2118
1834 2112
1838 1848
1838 1942
1839 1927
1839 1928
1840 1857
1842 1843
1842 1987
1842 2091
1848 1849
1856 2055
1861 1862
1863 1937
1865 1866
1865 1867
1878 2020
1880 1881
1883 1884
1883 1885
1883 1886
1883 1887
1891 1952
1891 1968
1891 2116
1896 2105
1900 1927
1901 1902
1905 1917
1914 1948
1915 1916
1915 1917
1920 1921
1920 1922
1923 1958
1927 1928
1930 1946
1935 1936
1937 1940
1939 2057
1945 2078
1952 1968
1954 2032
1963 2083
1967 2042
1971 1972
1973 2052
1979 1980
1984 1990
1990 1991
1999 2086
2000 2086
2001 2002
2003 2004
2003 2005
2007 2008
2014 2043
2015 2016
2018 2074
2020 2021
2022 2023
2022 2024
2043 2044
2043 2045
2043 2046
2043 2047
2043 2054
2066 2072
2080 2095
2099 2100
